"stand_id";"species";"count";"height_from";"height_to";"age"
1;"Potr";867.66;1.56;1.76;20
1;"Potr";867.66;0.72;0.92;20
1;"Potr";867.66;0.64;0.84;20
1;"Potr";867.66;2.23;2.43;20
1;"Potr";867.66;0.19;0.39;20
1;"Potr";867.66;1.16;1.36;20
1;"Potr";867.66;2.05;2.25;20
1;"Potr";867.66;1.31;1.51;20
1;"Potr";867.66;1.79;1.99;20
1;"Potr";867.66;1.24;1.44;20
1;"Potr";867.66;1.38;1.58;20
1;"Potr";867.66;0.58;0.78;20
1;"Potr";867.66;1.24;1.44;20
1;"Potr";867.66;1.69;1.89;20
1;"Potr";867.66;0.98;1.18;20
1;"Potr";867.66;2.52;2.72;20
1;"Potr";867.66;1.07;1.27;20
1;"Potr";867.66;3.15;3.35;20
1;"Potr";867.66;1.48;1.68;20
1;"Potr";867.66;2.82;3.02;20
1;"Potr";867.66;0.54;0.74;20
1;"Potr";867.66;1.34;1.54;20
1;"Potr";867.66;1.72;1.92;20
1;"Potr";867.66;0.86;1.06;20
1;"Potr";867.66;0.8;1;20
2;"Potr";415.45;0.29;0.49;20
2;"Potr";415.45;1.52;1.72;20
2;"Potr";415.45;3.25;3.45;20
2;"Potr";415.45;0.67;0.87;20
2;"Potr";415.45;2.29;2.49;20
2;"Potr";415.45;1.53;1.73;20
2;"Potr";415.45;0.51;0.71;20
2;"Potr";415.45;0.68;0.88;20
2;"Potr";415.45;1.27;1.47;20
2;"Potr";415.45;1.12;1.32;20
2;"Potr";415.45;0.1;0.3;20
2;"Potr";415.45;2.84;3.04;20
2;"Potr";415.45;0.17;0.37;20
2;"Potr";415.45;0.48;0.68;20
2;"Potr";415.45;1.03;1.23;20
2;"Potr";415.45;0.43;0.63;20
2;"Potr";415.45;1.99;2.19;20
2;"Potr";415.45;1.1;1.3;20
2;"Potr";415.45;1.87;2.07;20
2;"Potr";415.45;3.88;4.08;20
2;"Potr";415.45;1.12;1.32;20
2;"Potr";415.45;2.28;2.48;20
2;"Potr";415.45;0.89;1.09;20
2;"Potr";415.45;2.77;2.97;20
2;"Potr";415.45;0.68;0.88;20
3;"Potr";834.48;3.24;3.44;20
3;"Potr";834.48;1.05;1.25;20
3;"Potr";834.48;0.28;0.48;20
3;"Potr";834.48;0.58;0.78;20
3;"Potr";834.48;0.19;0.39;20
3;"Potr";834.48;3.18;3.38;20
3;"Potr";834.48;0.6;0.8;20
3;"Potr";834.48;2.23;2.43;20
3;"Potr";834.48;1.24;1.44;20
3;"Potr";834.48;0.56;0.76;20
3;"Potr";834.48;2.68;2.88;20
3;"Potr";834.48;0.98;1.18;20
3;"Potr";834.48;2.43;2.63;20
3;"Potr";834.48;0.9;1.1;20
3;"Potr";834.48;1.17;1.37;20
3;"Potr";834.48;-0.02;0.18;20
3;"Potr";834.48;3.75;3.95;20
3;"Potr";834.48;2.37;2.57;20
3;"Potr";834.48;1.21;1.41;20
3;"Potr";834.48;1.84;2.04;20
3;"Potr";834.48;0.51;0.71;20
3;"Potr";834.48;1.55;1.75;20
3;"Potr";834.48;0.61;0.81;20
3;"Potr";834.48;1.14;1.34;20
3;"Potr";834.48;1.68;1.88;20
4;"Potr";854.22;0.04;0.24;20
4;"Potr";854.22;2.69;2.89;20
4;"Potr";854.22;2.71;2.91;20
4;"Potr";854.22;0.4;0.6;20
4;"Potr";854.22;1.64;1.84;20
4;"Potr";854.22;3.04;3.24;20
4;"Potr";854.22;1.2;1.4;20
4;"Potr";854.22;3.45;3.65;20
4;"Potr";854.22;1.64;1.84;20
4;"Potr";854.22;1.05;1.25;20
4;"Potr";854.22;0.47;0.67;20
4;"Potr";854.22;0.21;0.41;20
4;"Potr";854.22;0.81;1.01;20
4;"Potr";854.22;1.16;1.36;20
4;"Potr";854.22;0.75;0.95;20
4;"Potr";854.22;0.41;0.61;20
4;"Potr";854.22;0.49;0.69;20
4;"Potr";854.22;2.85;3.05;20
4;"Potr";854.22;2.07;2.27;20
4;"Potr";854.22;2.78;2.98;20
4;"Potr";854.22;2.2;2.4;20
4;"Potr";854.22;0.98;1.18;20
4;"Potr";854.22;1.73;1.93;20
4;"Potr";854.22;1.94;2.14;20
4;"Potr";854.22;0.41;0.61;20
5;"Potr";1376.6;0.14;0.34;20
5;"Potr";1376.6;0.06;0.26;20
5;"Potr";1376.6;1.36;1.56;20
5;"Potr";1376.6;0.55;0.75;20
5;"Potr";1376.6;0.99;1.19;20
5;"Potr";1376.6;2.14;2.34;20
5;"Potr";1376.6;0.51;0.71;20
5;"Potr";1376.6;0.85;1.05;20
5;"Potr";1376.6;1.38;1.58;20
5;"Potr";1376.6;1.78;1.98;20
5;"Potr";1376.6;0.03;0.23;20
5;"Potr";1376.6;0.77;0.97;20
5;"Potr";1376.6;1.78;1.98;20
5;"Potr";1376.6;1.87;2.07;20
5;"Potr";1376.6;1.62;1.82;20
5;"Potr";1376.6;1.09;1.29;20
5;"Potr";1376.6;3.61;3.81;20
5;"Potr";1376.6;2.03;2.23;20
5;"Potr";1376.6;2.01;2.21;20
5;"Potr";1376.6;0.52;0.72;20
5;"Potr";1376.6;0.44;0.64;20
5;"Potr";1376.6;0.7;0.9;20
5;"Potr";1376.6;3.11;3.31;20
5;"Potr";1376.6;2.34;2.54;20
5;"Potr";1376.6;1.4;1.6;20
6;"Potr";667.12;0.62;0.82;20
6;"Potr";667.12;3.81;4.01;20
6;"Potr";667.12;0.33;0.53;20
6;"Potr";667.12;2.81;3.01;20
6;"Potr";667.12;2.92;3.12;20
6;"Potr";667.12;0.24;0.44;20
6;"Potr";667.12;0.97;1.17;20
6;"Potr";667.12;1.64;1.84;20
6;"Potr";667.12;2.95;3.15;20
6;"Potr";667.12;1.29;1.49;20
6;"Potr";667.12;0.22;0.42;20
6;"Potr";667.12;2.15;2.35;20
6;"Potr";667.12;0.76;0.96;20
6;"Potr";667.12;0.23;0.43;20
6;"Potr";667.12;0.29;0.49;20
6;"Potr";667.12;3.24;3.44;20
6;"Potr";667.12;1.37;1.57;20
6;"Potr";667.12;2.55;2.75;20
6;"Potr";667.12;1.97;2.17;20
6;"Potr";667.12;0.43;0.63;20
6;"Potr";667.12;0.91;1.11;20
6;"Potr";667.12;1.07;1.27;20
6;"Potr";667.12;1.27;1.47;20
6;"Potr";667.12;1.76;1.96;20
6;"Potr";667.12;1.34;1.54;20
7;"Potr";1255.01;1.91;2.11;20
7;"Potr";1255.01;2.02;2.22;20
7;"Potr";1255.01;1.8;2;20
7;"Potr";1255.01;0.42;0.62;20
7;"Potr";1255.01;2.61;2.81;20
7;"Potr";1255.01;3.49;3.69;20
7;"Potr";1255.01;0.98;1.18;20
7;"Potr";1255.01;1.59;1.79;20
7;"Potr";1255.01;0.45;0.65;20
7;"Potr";1255.01;2.75;2.95;20
7;"Potr";1255.01;1.98;2.18;20
7;"Potr";1255.01;1.03;1.23;20
7;"Potr";1255.01;1.63;1.83;20
7;"Potr";1255.01;1.02;1.22;20
7;"Potr";1255.01;1.33;1.53;20
7;"Potr";1255.01;3.13;3.33;20
7;"Potr";1255.01;0.59;0.79;20
7;"Potr";1255.01;0.47;0.67;20
7;"Potr";1255.01;1.28;1.48;20
7;"Potr";1255.01;0.41;0.61;20
7;"Potr";1255.01;0.47;0.67;20
7;"Potr";1255.01;3.84;4.04;20
7;"Potr";1255.01;3.18;3.38;20
7;"Potr";1255.01;2.72;2.92;20
7;"Potr";1255.01;0.99;1.19;20
8;"Potr";1206.11;1.15;1.35;20
8;"Potr";1206.11;1.23;1.43;20
8;"Potr";1206.11;0.94;1.14;20
8;"Potr";1206.11;1.25;1.45;20
8;"Potr";1206.11;1.63;1.83;20
8;"Potr";1206.11;0.95;1.15;20
8;"Potr";1206.11;1.93;2.13;20
8;"Potr";1206.11;0.38;0.58;20
8;"Potr";1206.11;0.72;0.92;20
8;"Potr";1206.11;0.94;1.14;20
8;"Potr";1206.11;0.2;0.4;20
8;"Potr";1206.11;0.31;0.51;20
8;"Potr";1206.11;1.49;1.69;20
8;"Potr";1206.11;2.81;3.01;20
8;"Potr";1206.11;0.63;0.83;20
8;"Potr";1206.11;0.73;0.93;20
8;"Potr";1206.11;2.24;2.44;20
8;"Potr";1206.11;0.36;0.56;20
8;"Potr";1206.11;3.22;3.42;20
8;"Potr";1206.11;0.48;0.68;20
8;"Potr";1206.11;2.87;3.07;20
8;"Potr";1206.11;3.15;3.35;20
8;"Potr";1206.11;2.49;2.69;20
8;"Potr";1206.11;0.5;0.7;20
8;"Potr";1206.11;0.82;1.02;20
9;"Potr";1892.06;1.43;1.63;20
9;"Potr";1892.06;0.82;1.02;20
9;"Potr";1892.06;2.33;2.53;20
9;"Potr";1892.06;3.81;4.01;20
9;"Potr";1892.06;1.66;1.86;20
9;"Potr";1892.06;0.63;0.83;20
9;"Potr";1892.06;0.3;0.5;20
9;"Potr";1892.06;2.44;2.64;20
9;"Potr";1892.06;1.14;1.34;20
9;"Potr";1892.06;2.58;2.78;20
9;"Potr";1892.06;0.36;0.56;20
9;"Potr";1892.06;0.15;0.35;20
9;"Potr";1892.06;1.85;2.05;20
9;"Potr";1892.06;1.4;1.6;20
9;"Potr";1892.06;2.03;2.23;20
9;"Potr";1892.06;0.73;0.93;20
9;"Potr";1892.06;0.73;0.93;20
9;"Potr";1892.06;2.86;3.06;20
9;"Potr";1892.06;0.81;1.01;20
9;"Potr";1892.06;1.91;2.11;20
9;"Potr";1892.06;1.9;2.1;20
9;"Potr";1892.06;3.25;3.45;20
9;"Potr";1892.06;1.27;1.47;20
9;"Potr";1892.06;3.11;3.31;20
9;"Potr";1892.06;1.81;2.01;20
10;"Potr";2633.08;2.15;2.35;20
10;"Potr";2633.08;0.44;0.64;20
10;"Potr";2633.08;1.01;1.21;20
10;"Potr";2633.08;0.28;0.48;20
10;"Potr";2633.08;0.31;0.51;20
10;"Potr";2633.08;1.22;1.42;20
10;"Potr";2633.08;2.46;2.66;20
10;"Potr";2633.08;0.82;1.02;20
10;"Potr";2633.08;1.03;1.23;20
10;"Potr";2633.08;1.93;2.13;20
10;"Potr";2633.08;0.1;0.3;20
10;"Potr";2633.08;2.74;2.94;20
10;"Potr";2633.08;3.02;3.22;20
10;"Potr";2633.08;2.36;2.56;20
10;"Potr";2633.08;3.82;4.02;20
10;"Potr";2633.08;1.74;1.94;20
10;"Potr";2633.08;0.73;0.93;20
10;"Potr";2633.08;0.28;0.48;20
10;"Potr";2633.08;1.37;1.57;20
10;"Potr";2633.08;0.69;0.89;20
10;"Potr";2633.08;0.98;1.18;20
10;"Potr";2633.08;0.75;0.95;20
10;"Potr";2633.08;3.67;3.87;20
10;"Potr";2633.08;1.74;1.94;20
10;"Potr";2633.08;2;2.2;20
11;"Potr";629.46;2.76;2.96;20
11;"Potr";629.46;0.38;0.58;20
11;"Potr";629.46;3.05;3.25;20
11;"Potr";629.46;3.69;3.89;20
11;"Potr";629.46;1.84;2.04;20
11;"Potr";629.46;3.76;3.96;20
11;"Potr";629.46;3.9;4.1;20
11;"Potr";629.46;1.51;1.71;20
11;"Potr";629.46;0.92;1.12;20
11;"Potr";629.46;2.06;2.26;20
11;"Potr";629.46;0.2;0.4;20
11;"Potr";629.46;1.22;1.42;20
11;"Potr";629.46;2.42;2.62;20
11;"Potr";629.46;1.96;2.16;20
11;"Potr";629.46;0.69;0.89;20
11;"Potr";629.46;0.49;0.69;20
11;"Potr";629.46;0.99;1.19;20
11;"Potr";629.46;0.87;1.07;20
11;"Potr";629.46;2.06;2.26;20
11;"Potr";629.46;2.65;2.85;20
11;"Potr";629.46;1.07;1.27;20
11;"Potr";629.46;0.55;0.75;20
11;"Potr";629.46;2.98;3.18;20
11;"Potr";629.46;0.5;0.7;20
11;"Potr";629.46;0.65;0.85;20
12;"Potr";379.33;0.38;0.58;20
12;"Potr";379.33;1.76;1.96;20
12;"Potr";379.33;0.59;0.79;20
12;"Potr";379.33;1.71;1.91;20
12;"Potr";379.33;1.32;1.52;20
12;"Potr";379.33;1.44;1.64;20
12;"Potr";379.33;1.4;1.6;20
12;"Potr";379.33;0.78;0.98;20
12;"Potr";379.33;0.08;0.28;20
12;"Potr";379.33;1.03;1.23;20
12;"Potr";379.33;0.67;0.87;20
12;"Potr";379.33;2.45;2.65;20
12;"Potr";379.33;1.31;1.51;20
12;"Potr";379.33;2.53;2.73;20
12;"Potr";379.33;0.61;0.81;20
12;"Potr";379.33;0.62;0.82;20
12;"Potr";379.33;1.31;1.51;20
12;"Potr";379.33;1.18;1.38;20
12;"Potr";379.33;1.85;2.05;20
12;"Potr";379.33;0.63;0.83;20
12;"Potr";379.33;0.36;0.56;20
12;"Potr";379.33;1.1;1.3;20
12;"Potr";379.33;0.13;0.33;20
12;"Potr";379.33;3.39;3.59;20
12;"Potr";379.33;1.38;1.58;20
13;"Potr";2383.93;0.76;0.96;20
13;"Potr";2383.93;1.97;2.17;20
13;"Potr";2383.93;0.18;0.38;20
13;"Potr";2383.93;1.14;1.34;20
13;"Potr";2383.93;0.41;0.61;20
13;"Potr";2383.93;2.51;2.71;20
13;"Potr";2383.93;1.74;1.94;20
13;"Potr";2383.93;0.2;0.4;20
13;"Potr";2383.93;1.41;1.61;20
13;"Potr";2383.93;0.73;0.93;20
13;"Potr";2383.93;0.48;0.68;20
13;"Potr";2383.93;1.35;1.55;20
13;"Potr";2383.93;1.3;1.5;20
13;"Potr";2383.93;0.36;0.56;20
13;"Potr";2383.93;3.64;3.84;20
13;"Potr";2383.93;3.57;3.77;20
13;"Potr";2383.93;0.81;1.01;20
13;"Potr";2383.93;2.15;2.35;20
13;"Potr";2383.93;3.64;3.84;20
13;"Potr";2383.93;0.08;0.28;20
13;"Potr";2383.93;1.12;1.32;20
13;"Potr";2383.93;0.43;0.63;20
13;"Potr";2383.93;0.47;0.67;20
13;"Potr";2383.93;3.02;3.22;20
13;"Potr";2383.93;0.45;0.65;20
14;"Potr";1049.71;2.89;3.09;20
14;"Potr";1049.71;0.92;1.12;20
14;"Potr";1049.71;1.73;1.93;20
14;"Potr";1049.71;1.63;1.83;20
14;"Potr";1049.71;0.3;0.5;20
14;"Potr";1049.71;1.22;1.42;20
14;"Potr";1049.71;0.43;0.63;20
14;"Potr";1049.71;3.01;3.21;20
14;"Potr";1049.71;0.82;1.02;20
14;"Potr";1049.71;1.49;1.69;20
14;"Potr";1049.71;1.01;1.21;20
14;"Potr";1049.71;1.96;2.16;20
14;"Potr";1049.71;1.28;1.48;20
14;"Potr";1049.71;2.29;2.49;20
14;"Potr";1049.71;1.08;1.28;20
14;"Potr";1049.71;1.04;1.24;20
14;"Potr";1049.71;0.74;0.94;20
14;"Potr";1049.71;1.03;1.23;20
14;"Potr";1049.71;0.47;0.67;20
14;"Potr";1049.71;3.85;4.05;20
14;"Potr";1049.71;2.9;3.1;20
14;"Potr";1049.71;0.35;0.55;20
14;"Potr";1049.71;0.18;0.38;20
14;"Potr";1049.71;2.28;2.48;20
14;"Potr";1049.71;2.04;2.24;20
15;"Potr";1488.91;1.02;1.22;20
15;"Potr";1488.91;1.38;1.58;20
15;"Potr";1488.91;2.49;2.69;20
15;"Potr";1488.91;3.06;3.26;20
15;"Potr";1488.91;2.28;2.48;20
15;"Potr";1488.91;1.76;1.96;20
15;"Potr";1488.91;2.43;2.63;20
15;"Potr";1488.91;2.47;2.67;20
15;"Potr";1488.91;0.46;0.66;20
15;"Potr";1488.91;1.33;1.53;20
15;"Potr";1488.91;2.84;3.04;20
15;"Potr";1488.91;1;1.2;20
15;"Potr";1488.91;3.57;3.77;20
15;"Potr";1488.91;0.76;0.96;20
15;"Potr";1488.91;1.41;1.61;20
15;"Potr";1488.91;3.27;3.47;20
15;"Potr";1488.91;2.84;3.04;20
15;"Potr";1488.91;3.79;3.99;20
15;"Potr";1488.91;2.99;3.19;20
15;"Potr";1488.91;1.44;1.64;20
15;"Potr";1488.91;0.49;0.69;20
15;"Potr";1488.91;2.37;2.57;20
15;"Potr";1488.91;0.26;0.46;20
15;"Potr";1488.91;1.81;2.01;20
15;"Potr";1488.91;-0.03;0.17;20
16;"Potr";1506.98;1.35;1.55;20
16;"Potr";1506.98;2.69;2.89;20
16;"Potr";1506.98;0.92;1.12;20
16;"Potr";1506.98;2;2.2;20
16;"Potr";1506.98;1.02;1.22;20
16;"Potr";1506.98;0.27;0.47;20
16;"Potr";1506.98;2.92;3.12;20
16;"Potr";1506.98;1.99;2.19;20
16;"Potr";1506.98;2.28;2.48;20
16;"Potr";1506.98;0.57;0.77;20
16;"Potr";1506.98;1.17;1.37;20
16;"Potr";1506.98;0.42;0.62;20
16;"Potr";1506.98;1.73;1.93;20
16;"Potr";1506.98;0.82;1.02;20
16;"Potr";1506.98;1.87;2.07;20
16;"Potr";1506.98;0.4;0.6;20
16;"Potr";1506.98;1.86;2.06;20
16;"Potr";1506.98;1.45;1.65;20
16;"Potr";1506.98;1.52;1.72;20
16;"Potr";1506.98;1.33;1.53;20
16;"Potr";1506.98;2.43;2.63;20
16;"Potr";1506.98;1.54;1.74;20
16;"Potr";1506.98;0.24;0.44;20
16;"Potr";1506.98;2.18;2.38;20
16;"Potr";1506.98;1.34;1.54;20
17;"Potr";1281.08;2.23;2.43;20
17;"Potr";1281.08;1.51;1.71;20
17;"Potr";1281.08;0.72;0.92;20
17;"Potr";1281.08;0.39;0.59;20
17;"Potr";1281.08;0.22;0.42;20
17;"Potr";1281.08;2.04;2.24;20
17;"Potr";1281.08;0.77;0.97;20
17;"Potr";1281.08;0.99;1.19;20
17;"Potr";1281.08;2.15;2.35;20
17;"Potr";1281.08;1.06;1.26;20
17;"Potr";1281.08;1.51;1.71;20
17;"Potr";1281.08;0.7;0.9;20
17;"Potr";1281.08;0.95;1.15;20
17;"Potr";1281.08;1.88;2.08;20
17;"Potr";1281.08;1.13;1.33;20
17;"Potr";1281.08;1.7;1.9;20
17;"Potr";1281.08;3.5;3.7;20
17;"Potr";1281.08;1.15;1.35;20
17;"Potr";1281.08;1.33;1.53;20
17;"Potr";1281.08;1.05;1.25;20
17;"Potr";1281.08;0.82;1.02;20
17;"Potr";1281.08;1.41;1.61;20
17;"Potr";1281.08;1.43;1.63;20
17;"Potr";1281.08;0.67;0.87;20
17;"Potr";1281.08;0.99;1.19;20
18;"Potr";2598.65;0.73;0.93;20
18;"Potr";2598.65;3.36;3.56;20
18;"Potr";2598.65;2.02;2.22;20
18;"Potr";2598.65;0.84;1.04;20
18;"Potr";2598.65;2.76;2.96;20
18;"Potr";2598.65;2.66;2.86;20
18;"Potr";2598.65;1.88;2.08;20
18;"Potr";2598.65;0.36;0.56;20
18;"Potr";2598.65;1.66;1.86;20
18;"Potr";2598.65;0.45;0.65;20
18;"Potr";2598.65;0.71;0.91;20
18;"Potr";2598.65;0.3;0.5;20
18;"Potr";2598.65;0.71;0.91;20
18;"Potr";2598.65;2.54;2.74;20
18;"Potr";2598.65;1.34;1.54;20
18;"Potr";2598.65;1.4;1.6;20
18;"Potr";2598.65;2.75;2.95;20
18;"Potr";2598.65;1.83;2.03;20
18;"Potr";2598.65;2.23;2.43;20
18;"Potr";2598.65;1.2;1.4;20
18;"Potr";2598.65;1.96;2.16;20
18;"Potr";2598.65;0.36;0.56;20
18;"Potr";2598.65;1.09;1.29;20
18;"Potr";2598.65;1.6;1.8;20
18;"Potr";2598.65;2.7;2.9;20
19;"Potr";1180.93;1.51;1.71;20
19;"Potr";1180.93;2.06;2.26;20
19;"Potr";1180.93;3.04;3.24;20
19;"Potr";1180.93;1.49;1.69;20
19;"Potr";1180.93;2.87;3.07;20
19;"Potr";1180.93;0.98;1.18;20
19;"Potr";1180.93;1.2;1.4;20
19;"Potr";1180.93;1.92;2.12;20
19;"Potr";1180.93;2.41;2.61;20
19;"Potr";1180.93;1.46;1.66;20
19;"Potr";1180.93;0.32;0.52;20
19;"Potr";1180.93;1.13;1.33;20
19;"Potr";1180.93;1.76;1.96;20
19;"Potr";1180.93;0.76;0.96;20
19;"Potr";1180.93;0.33;0.53;20
19;"Potr";1180.93;2.57;2.77;20
19;"Potr";1180.93;2.49;2.69;20
19;"Potr";1180.93;1.37;1.57;20
19;"Potr";1180.93;0.54;0.74;20
19;"Potr";1180.93;1.03;1.23;20
19;"Potr";1180.93;1.21;1.41;20
19;"Potr";1180.93;2.72;2.92;20
19;"Potr";1180.93;1.59;1.79;20
19;"Potr";1180.93;0.74;0.94;20
19;"Potr";1180.93;1.04;1.24;20
20;"Potr";1486.43;3.1;3.3;20
20;"Potr";1486.43;0.9;1.1;20
20;"Potr";1486.43;1.05;1.25;20
20;"Potr";1486.43;2.35;2.55;20
20;"Potr";1486.43;0.62;0.82;20
20;"Potr";1486.43;0.32;0.52;20
20;"Potr";1486.43;1.77;1.97;20
20;"Potr";1486.43;3.73;3.93;20
20;"Potr";1486.43;0.31;0.51;20
20;"Potr";1486.43;1.05;1.25;20
20;"Potr";1486.43;1.86;2.06;20
20;"Potr";1486.43;3.54;3.74;20
20;"Potr";1486.43;2.46;2.66;20
20;"Potr";1486.43;0.18;0.38;20
20;"Potr";1486.43;1.24;1.44;20
20;"Potr";1486.43;1.06;1.26;20
20;"Potr";1486.43;0.75;0.95;20
20;"Potr";1486.43;1.4;1.6;20
20;"Potr";1486.43;3.69;3.89;20
20;"Potr";1486.43;0.54;0.74;20
20;"Potr";1486.43;0.56;0.76;20
20;"Potr";1486.43;0.2;0.4;20
20;"Potr";1486.43;2.98;3.18;20
20;"Potr";1486.43;2.6;2.8;20
20;"Potr";1486.43;1.78;1.98;20
21;"Potr";2420.43;2.65;2.85;20
21;"Potr";2420.43;2.19;2.39;20
21;"Potr";2420.43;0.5;0.7;20
21;"Potr";2420.43;0.71;0.91;20
21;"Potr";2420.43;0.34;0.54;20
21;"Potr";2420.43;3.15;3.35;20
21;"Potr";2420.43;0.31;0.51;20
21;"Potr";2420.43;1.28;1.48;20
21;"Potr";2420.43;0.82;1.02;20
21;"Potr";2420.43;3.46;3.66;20
21;"Potr";2420.43;0.72;0.92;20
21;"Potr";2420.43;2.16;2.36;20
21;"Potr";2420.43;1.51;1.71;20
21;"Potr";2420.43;1.69;1.89;20
21;"Potr";2420.43;0.89;1.09;20
21;"Potr";2420.43;0.61;0.81;20
21;"Potr";2420.43;1.59;1.79;20
21;"Potr";2420.43;1.57;1.77;20
21;"Potr";2420.43;-0.08;0.12;20
21;"Potr";2420.43;1.77;1.97;20
21;"Potr";2420.43;0.32;0.52;20
21;"Potr";2420.43;1.29;1.49;20
21;"Potr";2420.43;2.9;3.1;20
21;"Potr";2420.43;3;3.2;20
21;"Potr";2420.43;2.21;2.41;20
22;"Potr";407.65;0.95;1.15;20
22;"Potr";407.65;0.32;0.52;20
22;"Potr";407.65;1.44;1.64;20
22;"Potr";407.65;2.03;2.23;20
22;"Potr";407.65;1.14;1.34;20
22;"Potr";407.65;1.85;2.05;20
22;"Potr";407.65;1.52;1.72;20
22;"Potr";407.65;0.74;0.94;20
22;"Potr";407.65;2.46;2.66;20
22;"Potr";407.65;1.67;1.87;20
22;"Potr";407.65;1.34;1.54;20
22;"Potr";407.65;0.11;0.31;20
22;"Potr";407.65;1.35;1.55;20
22;"Potr";407.65;0.89;1.09;20
22;"Potr";407.65;0.02;0.22;20
22;"Potr";407.65;1.31;1.51;20
22;"Potr";407.65;2.08;2.28;20
22;"Potr";407.65;2.22;2.42;20
22;"Potr";407.65;2.23;2.43;20
22;"Potr";407.65;1.79;1.99;20
22;"Potr";407.65;1.44;1.64;20
22;"Potr";407.65;2.23;2.43;20
22;"Potr";407.65;3.01;3.21;20
22;"Potr";407.65;3.8;4;20
22;"Potr";407.65;1.19;1.39;20
23;"Potr";1092.14;0.27;0.47;20
23;"Potr";1092.14;3.03;3.23;20
23;"Potr";1092.14;0.86;1.06;20
23;"Potr";1092.14;1.22;1.42;20
23;"Potr";1092.14;2.08;2.28;20
23;"Potr";1092.14;1.25;1.45;20
23;"Potr";1092.14;0.06;0.26;20
23;"Potr";1092.14;-0.08;0.12;20
23;"Potr";1092.14;2.68;2.88;20
23;"Potr";1092.14;1.66;1.86;20
23;"Potr";1092.14;1.01;1.21;20
23;"Potr";1092.14;2.8;3;20
23;"Potr";1092.14;1.27;1.47;20
23;"Potr";1092.14;1.31;1.51;20
23;"Potr";1092.14;0.09;0.29;20
23;"Potr";1092.14;2.46;2.66;20
23;"Potr";1092.14;2.15;2.35;20
23;"Potr";1092.14;1.76;1.96;20
23;"Potr";1092.14;1.49;1.69;20
23;"Potr";1092.14;0.42;0.62;20
23;"Potr";1092.14;0.17;0.37;20
23;"Potr";1092.14;2.77;2.97;20
23;"Potr";1092.14;2.16;2.36;20
23;"Potr";1092.14;0.69;0.89;20
23;"Potr";1092.14;3.34;3.54;20
24;"Potr";618.67;2.46;2.66;20
24;"Potr";618.67;0.89;1.09;20
24;"Potr";618.67;1.71;1.91;20
24;"Potr";618.67;0.82;1.02;20
24;"Potr";618.67;1.49;1.69;20
24;"Potr";618.67;1.47;1.67;20
24;"Potr";618.67;3.2;3.4;20
24;"Potr";618.67;0.91;1.11;20
24;"Potr";618.67;0.83;1.03;20
24;"Potr";618.67;3.16;3.36;20
24;"Potr";618.67;0.4;0.6;20
24;"Potr";618.67;1.51;1.71;20
24;"Potr";618.67;0.84;1.04;20
24;"Potr";618.67;2.51;2.71;20
24;"Potr";618.67;0.06;0.26;20
24;"Potr";618.67;0.43;0.63;20
24;"Potr";618.67;1.09;1.29;20
24;"Potr";618.67;2.26;2.46;20
24;"Potr";618.67;2.43;2.63;20
24;"Potr";618.67;2.09;2.29;20
24;"Potr";618.67;0.76;0.96;20
24;"Potr";618.67;2.87;3.07;20
24;"Potr";618.67;0.66;0.86;20
24;"Potr";618.67;1.02;1.22;20
24;"Potr";618.67;0.85;1.05;20
25;"Potr";1570.43;1.81;2.01;20
25;"Potr";1570.43;1.4;1.6;20
25;"Potr";1570.43;0.59;0.79;20
25;"Potr";1570.43;1.99;2.19;20
25;"Potr";1570.43;3.19;3.39;20
25;"Potr";1570.43;2.12;2.32;20
25;"Potr";1570.43;0.12;0.32;20
25;"Potr";1570.43;1.51;1.71;20
25;"Potr";1570.43;0.15;0.35;20
25;"Potr";1570.43;0.48;0.68;20
25;"Potr";1570.43;0.6;0.8;20
25;"Potr";1570.43;1.76;1.96;20
25;"Potr";1570.43;2.45;2.65;20
25;"Potr";1570.43;0.72;0.92;20
25;"Potr";1570.43;2.04;2.24;20
25;"Potr";1570.43;3.15;3.35;20
25;"Potr";1570.43;1.61;1.81;20
25;"Potr";1570.43;2.34;2.54;20
25;"Potr";1570.43;1.16;1.36;20
25;"Potr";1570.43;1.1;1.3;20
25;"Potr";1570.43;0.45;0.65;20
25;"Potr";1570.43;0.49;0.69;20
25;"Potr";1570.43;2.22;2.42;20
25;"Potr";1570.43;0.94;1.14;20
25;"Potr";1570.43;3.76;3.96;20
26;"Potr";2451.62;1.93;2.13;20
26;"Potr";2451.62;1.78;1.98;20
26;"Potr";2451.62;2.33;2.53;20
26;"Potr";2451.62;3.86;4.06;20
26;"Potr";2451.62;2.73;2.93;20
26;"Potr";2451.62;1.43;1.63;20
26;"Potr";2451.62;1.66;1.86;20
26;"Potr";2451.62;0.16;0.36;20
26;"Potr";2451.62;2.25;2.45;20
26;"Potr";2451.62;0.78;0.98;20
26;"Potr";2451.62;1.17;1.37;20
26;"Potr";2451.62;1.73;1.93;20
26;"Potr";2451.62;0.84;1.04;20
26;"Potr";2451.62;1.41;1.61;20
26;"Potr";2451.62;1.85;2.05;20
26;"Potr";2451.62;0.39;0.59;20
26;"Potr";2451.62;0.97;1.17;20
26;"Potr";2451.62;1.94;2.14;20
26;"Potr";2451.62;2.51;2.71;20
26;"Potr";2451.62;0.57;0.77;20
26;"Potr";2451.62;1.26;1.46;20
26;"Potr";2451.62;0.93;1.13;20
26;"Potr";2451.62;2.7;2.9;20
26;"Potr";2451.62;0.95;1.15;20
26;"Potr";2451.62;0.75;0.95;20
27;"Potr";1265.2;0.27;0.47;20
27;"Potr";1265.2;0.35;0.55;20
27;"Potr";1265.2;1.51;1.71;20
27;"Potr";1265.2;0.86;1.06;20
27;"Potr";1265.2;1.7;1.9;20
27;"Potr";1265.2;1.59;1.79;20
27;"Potr";1265.2;0.4;0.6;20
27;"Potr";1265.2;0.88;1.08;20
27;"Potr";1265.2;0.37;0.57;20
27;"Potr";1265.2;1.54;1.74;20
27;"Potr";1265.2;2.12;2.32;20
27;"Potr";1265.2;0.02;0.22;20
27;"Potr";1265.2;1.62;1.82;20
27;"Potr";1265.2;0.21;0.41;20
27;"Potr";1265.2;1.26;1.46;20
27;"Potr";1265.2;2.75;2.95;20
27;"Potr";1265.2;0.83;1.03;20
27;"Potr";1265.2;0.24;0.44;20
27;"Potr";1265.2;0.81;1.01;20
27;"Potr";1265.2;0.38;0.58;20
27;"Potr";1265.2;2.47;2.67;20
27;"Potr";1265.2;0.1;0.3;20
27;"Potr";1265.2;0.55;0.75;20
27;"Potr";1265.2;0.06;0.26;20
27;"Potr";1265.2;0.76;0.96;20
28;"Potr";1234.85;2.4;2.6;20
28;"Potr";1234.85;0.91;1.11;20
28;"Potr";1234.85;-0.08;0.12;20
28;"Potr";1234.85;0.01;0.21;20
28;"Potr";1234.85;3.14;3.34;20
28;"Potr";1234.85;0.31;0.51;20
28;"Potr";1234.85;2.67;2.87;20
28;"Potr";1234.85;1.04;1.24;20
28;"Potr";1234.85;2.42;2.62;20
28;"Potr";1234.85;2.7;2.9;20
28;"Potr";1234.85;2.61;2.81;20
28;"Potr";1234.85;2.69;2.89;20
28;"Potr";1234.85;0.98;1.18;20
28;"Potr";1234.85;2.55;2.75;20
28;"Potr";1234.85;2.35;2.55;20
28;"Potr";1234.85;1.7;1.9;20
28;"Potr";1234.85;2.97;3.17;20
28;"Potr";1234.85;0.28;0.48;20
28;"Potr";1234.85;1.75;1.95;20
28;"Potr";1234.85;0.15;0.35;20
28;"Potr";1234.85;0.51;0.71;20
28;"Potr";1234.85;1.03;1.23;20
28;"Potr";1234.85;0.45;0.65;20
28;"Potr";1234.85;0.23;0.43;20
28;"Potr";1234.85;1.49;1.69;20
29;"Potr";2576.69;0.12;0.32;20
29;"Potr";2576.69;0.88;1.08;20
29;"Potr";2576.69;2.01;2.21;20
29;"Potr";2576.69;0.5;0.7;20
29;"Potr";2576.69;0.77;0.97;20
29;"Potr";2576.69;2.23;2.43;20
29;"Potr";2576.69;0.84;1.04;20
29;"Potr";2576.69;1.76;1.96;20
29;"Potr";2576.69;3.11;3.31;20
29;"Potr";2576.69;2.34;2.54;20
29;"Potr";2576.69;1.89;2.09;20
29;"Potr";2576.69;0.61;0.81;20
29;"Potr";2576.69;1.43;1.63;20
29;"Potr";2576.69;1.75;1.95;20
29;"Potr";2576.69;0.58;0.78;20
29;"Potr";2576.69;1.7;1.9;20
29;"Potr";2576.69;0.05;0.25;20
29;"Potr";2576.69;3.78;3.98;20
29;"Potr";2576.69;1.35;1.55;20
29;"Potr";2576.69;1.93;2.13;20
29;"Potr";2576.69;1.02;1.22;20
29;"Potr";2576.69;1.03;1.23;20
29;"Potr";2576.69;1.18;1.38;20
29;"Potr";2576.69;0.82;1.02;20
29;"Potr";2576.69;0.92;1.12;20
30;"Potr";2304.41;1.45;1.65;20
30;"Potr";2304.41;1.31;1.51;20
30;"Potr";2304.41;1.04;1.24;20
30;"Potr";2304.41;0.83;1.03;20
30;"Potr";2304.41;3.76;3.96;20
30;"Potr";2304.41;0.25;0.45;20
30;"Potr";2304.41;1.07;1.27;20
30;"Potr";2304.41;0.79;0.99;20
30;"Potr";2304.41;1.01;1.21;20
30;"Potr";2304.41;1.62;1.82;20
30;"Potr";2304.41;0.72;0.92;20
30;"Potr";2304.41;3.19;3.39;20
30;"Potr";2304.41;2.52;2.72;20
30;"Potr";2304.41;0.55;0.75;20
30;"Potr";2304.41;1.4;1.6;20
30;"Potr";2304.41;-0.02;0.18;20
30;"Potr";2304.41;1.57;1.77;20
30;"Potr";2304.41;1.95;2.15;20
30;"Potr";2304.41;0.87;1.07;20
30;"Potr";2304.41;2.25;2.45;20
30;"Potr";2304.41;3.23;3.43;20
30;"Potr";2304.41;1.65;1.85;20
30;"Potr";2304.41;0.6;0.8;20
30;"Potr";2304.41;0.24;0.44;20
30;"Potr";2304.41;2.1;2.3;20
31;"Potr";819.56;0.42;0.62;20
31;"Potr";819.56;0.83;1.03;20
31;"Potr";819.56;2.22;2.42;20
31;"Potr";819.56;0.49;0.69;20
31;"Potr";819.56;0.49;0.69;20
31;"Potr";819.56;1.96;2.16;20
31;"Potr";819.56;0.15;0.35;20
31;"Potr";819.56;0.06;0.26;20
31;"Potr";819.56;2.83;3.03;20
31;"Potr";819.56;3.7;3.9;20
31;"Potr";819.56;2.79;2.99;20
31;"Potr";819.56;2;2.2;20
31;"Potr";819.56;1.26;1.46;20
31;"Potr";819.56;0.08;0.28;20
31;"Potr";819.56;1.59;1.79;20
31;"Potr";819.56;1.25;1.45;20
31;"Potr";819.56;3.58;3.78;20
31;"Potr";819.56;0.63;0.83;20
31;"Potr";819.56;2.64;2.84;20
31;"Potr";819.56;1.08;1.28;20
31;"Potr";819.56;0.1;0.3;20
31;"Potr";819.56;2.67;2.87;20
31;"Potr";819.56;3.77;3.97;20
31;"Potr";819.56;1.2;1.4;20
31;"Potr";819.56;1.45;1.65;20
32;"Potr";2588.99;0.8;1;20
32;"Potr";2588.99;0.71;0.91;20
32;"Potr";2588.99;1.07;1.27;20
32;"Potr";2588.99;0.56;0.76;20
32;"Potr";2588.99;1.6;1.8;20
32;"Potr";2588.99;0.72;0.92;20
32;"Potr";2588.99;2.21;2.41;20
32;"Potr";2588.99;0.78;0.98;20
32;"Potr";2588.99;1.61;1.81;20
32;"Potr";2588.99;1.22;1.42;20
32;"Potr";2588.99;1.09;1.29;20
32;"Potr";2588.99;2.98;3.18;20
32;"Potr";2588.99;0.48;0.68;20
32;"Potr";2588.99;0.29;0.49;20
32;"Potr";2588.99;0.48;0.68;20
32;"Potr";2588.99;-0.06;0.14;20
32;"Potr";2588.99;0.74;0.94;20
32;"Potr";2588.99;0.95;1.15;20
32;"Potr";2588.99;3.39;3.59;20
32;"Potr";2588.99;2.69;2.89;20
32;"Potr";2588.99;0.53;0.73;20
32;"Potr";2588.99;1.32;1.52;20
32;"Potr";2588.99;0.73;0.93;20
32;"Potr";2588.99;1.89;2.09;20
32;"Potr";2588.99;0.72;0.92;20
33;"Potr";1434.82;1.2;1.4;20
33;"Potr";1434.82;0.13;0.33;20
33;"Potr";1434.82;2.27;2.47;20
33;"Potr";1434.82;2.1;2.3;20
33;"Potr";1434.82;0.93;1.13;20
33;"Potr";1434.82;1.25;1.45;20
33;"Potr";1434.82;0.63;0.83;20
33;"Potr";1434.82;0.38;0.58;20
33;"Potr";1434.82;2.4;2.6;20
33;"Potr";1434.82;1.01;1.21;20
33;"Potr";1434.82;2.32;2.52;20
33;"Potr";1434.82;1.21;1.41;20
33;"Potr";1434.82;0.96;1.16;20
33;"Potr";1434.82;1.1;1.3;20
33;"Potr";1434.82;2.65;2.85;20
33;"Potr";1434.82;2.22;2.42;20
33;"Potr";1434.82;1.55;1.75;20
33;"Potr";1434.82;0.91;1.11;20
33;"Potr";1434.82;1.85;2.05;20
33;"Potr";1434.82;1.42;1.62;20
33;"Potr";1434.82;2.77;2.97;20
33;"Potr";1434.82;0.29;0.49;20
33;"Potr";1434.82;1.81;2.01;20
33;"Potr";1434.82;2.87;3.07;20
33;"Potr";1434.82;1.92;2.12;20
34;"Potr";2423.58;2.67;2.87;20
34;"Potr";2423.58;2.23;2.43;20
34;"Potr";2423.58;1.33;1.53;20
34;"Potr";2423.58;0.33;0.53;20
34;"Potr";2423.58;0.35;0.55;20
34;"Potr";2423.58;3.36;3.56;20
34;"Potr";2423.58;2.83;3.03;20
34;"Potr";2423.58;0.95;1.15;20
34;"Potr";2423.58;3.58;3.78;20
34;"Potr";2423.58;0.89;1.09;20
34;"Potr";2423.58;3.76;3.96;20
34;"Potr";2423.58;0.59;0.79;20
34;"Potr";2423.58;1.79;1.99;20
34;"Potr";2423.58;3.49;3.69;20
34;"Potr";2423.58;1.01;1.21;20
34;"Potr";2423.58;1.36;1.56;20
34;"Potr";2423.58;0.57;0.77;20
34;"Potr";2423.58;1.94;2.14;20
34;"Potr";2423.58;1.61;1.81;20
34;"Potr";2423.58;1.72;1.92;20
34;"Potr";2423.58;0.88;1.08;20
34;"Potr";2423.58;1.8;2;20
34;"Potr";2423.58;0.6;0.8;20
34;"Potr";2423.58;0.27;0.47;20
34;"Potr";2423.58;2.34;2.54;20
35;"Potr";370.06;1.76;1.96;20
35;"Potr";370.06;2.7;2.9;20
35;"Potr";370.06;2.16;2.36;20
35;"Potr";370.06;0.78;0.98;20
35;"Potr";370.06;0.92;1.12;20
35;"Potr";370.06;3.38;3.58;20
35;"Potr";370.06;1.14;1.34;20
35;"Potr";370.06;2.74;2.94;20
35;"Potr";370.06;2.02;2.22;20
35;"Potr";370.06;2.28;2.48;20
35;"Potr";370.06;0.17;0.37;20
35;"Potr";370.06;1.81;2.01;20
35;"Potr";370.06;1.85;2.05;20
35;"Potr";370.06;0.72;0.92;20
35;"Potr";370.06;1.62;1.82;20
35;"Potr";370.06;0.53;0.73;20
35;"Potr";370.06;2.14;2.34;20
35;"Potr";370.06;3.49;3.69;20
35;"Potr";370.06;0.39;0.59;20
35;"Potr";370.06;2.84;3.04;20
35;"Potr";370.06;0.82;1.02;20
35;"Potr";370.06;2.93;3.13;20
35;"Potr";370.06;0.92;1.12;20
35;"Potr";370.06;3.04;3.24;20
35;"Potr";370.06;0.61;0.81;20
36;"Potr";2372.2;1.35;1.55;20
36;"Potr";2372.2;0.64;0.84;20
36;"Potr";2372.2;2.48;2.68;20
36;"Potr";2372.2;1.04;1.24;20
36;"Potr";2372.2;0.37;0.57;20
36;"Potr";2372.2;1.53;1.73;20
36;"Potr";2372.2;0.66;0.86;20
36;"Potr";2372.2;0.82;1.02;20
36;"Potr";2372.2;0.79;0.99;20
36;"Potr";2372.2;0.99;1.19;20
36;"Potr";2372.2;0.83;1.03;20
36;"Potr";2372.2;2.06;2.26;20
36;"Potr";2372.2;0.83;1.03;20
36;"Potr";2372.2;3.09;3.29;20
36;"Potr";2372.2;1.51;1.71;20
36;"Potr";2372.2;2.39;2.59;20
36;"Potr";2372.2;0.46;0.66;20
36;"Potr";2372.2;0.35;0.55;20
36;"Potr";2372.2;0.87;1.07;20
36;"Potr";2372.2;1.96;2.16;20
36;"Potr";2372.2;2.41;2.61;20
36;"Potr";2372.2;0.79;0.99;20
36;"Potr";2372.2;0.85;1.05;20
36;"Potr";2372.2;0.16;0.36;20
36;"Potr";2372.2;2.95;3.15;20
37;"Potr";2222.01;2.15;2.35;20
37;"Potr";2222.01;0.25;0.45;20
37;"Potr";2222.01;2.82;3.02;20
37;"Potr";2222.01;0.88;1.08;20
37;"Potr";2222.01;0.95;1.15;20
37;"Potr";2222.01;2.59;2.79;20
37;"Potr";2222.01;2.02;2.22;20
37;"Potr";2222.01;1.19;1.39;20
37;"Potr";2222.01;2.29;2.49;20
37;"Potr";2222.01;1.59;1.79;20
37;"Potr";2222.01;1.41;1.61;20
37;"Potr";2222.01;0.47;0.67;20
37;"Potr";2222.01;1.64;1.84;20
37;"Potr";2222.01;1.77;1.97;20
37;"Potr";2222.01;3.73;3.93;20
37;"Potr";2222.01;0.77;0.97;20
37;"Potr";2222.01;1.19;1.39;20
37;"Potr";2222.01;2.18;2.38;20
37;"Potr";2222.01;1.16;1.36;20
37;"Potr";2222.01;0.97;1.17;20
37;"Potr";2222.01;0.71;0.91;20
37;"Potr";2222.01;0.15;0.35;20
37;"Potr";2222.01;1.08;1.28;20
37;"Potr";2222.01;3.17;3.37;20
37;"Potr";2222.01;2.19;2.39;20
38;"Potr";2518.2;0.86;1.06;20
38;"Potr";2518.2;1.09;1.29;20
38;"Potr";2518.2;1.69;1.89;20
38;"Potr";2518.2;1.43;1.63;20
38;"Potr";2518.2;0.94;1.14;20
38;"Potr";2518.2;3.44;3.64;20
38;"Potr";2518.2;2.67;2.87;20
38;"Potr";2518.2;1.82;2.02;20
38;"Potr";2518.2;0.66;0.86;20
38;"Potr";2518.2;2.17;2.37;20
38;"Potr";2518.2;1.99;2.19;20
38;"Potr";2518.2;3.21;3.41;20
38;"Potr";2518.2;1.21;1.41;20
38;"Potr";2518.2;1.28;1.48;20
38;"Potr";2518.2;0.49;0.69;20
38;"Potr";2518.2;1.97;2.17;20
38;"Potr";2518.2;1.13;1.33;20
38;"Potr";2518.2;1.78;1.98;20
38;"Potr";2518.2;0.63;0.83;20
38;"Potr";2518.2;3.27;3.47;20
38;"Potr";2518.2;2.12;2.32;20
38;"Potr";2518.2;1.12;1.32;20
38;"Potr";2518.2;0.65;0.85;20
38;"Potr";2518.2;2.02;2.22;20
38;"Potr";2518.2;0.75;0.95;20
39;"Potr";908.97;0.63;0.83;20
39;"Potr";908.97;2.36;2.56;20
39;"Potr";908.97;0.28;0.48;20
39;"Potr";908.97;0.17;0.37;20
39;"Potr";908.97;0.92;1.12;20
39;"Potr";908.97;2.67;2.87;20
39;"Potr";908.97;2.61;2.81;20
39;"Potr";908.97;0.38;0.58;20
39;"Potr";908.97;3.31;3.51;20
39;"Potr";908.97;1.23;1.43;20
39;"Potr";908.97;0.65;0.85;20
39;"Potr";908.97;3.54;3.74;20
39;"Potr";908.97;3.15;3.35;20
39;"Potr";908.97;0.09;0.29;20
39;"Potr";908.97;0.56;0.76;20
39;"Potr";908.97;0.6;0.8;20
39;"Potr";908.97;2.52;2.72;20
39;"Potr";908.97;2.72;2.92;20
39;"Potr";908.97;1.99;2.19;20
39;"Potr";908.97;0.72;0.92;20
39;"Potr";908.97;2.76;2.96;20
39;"Potr";908.97;1.58;1.78;20
39;"Potr";908.97;0.57;0.77;20
39;"Potr";908.97;1.91;2.11;20
39;"Potr";908.97;1.71;1.91;20
40;"Potr";2089.82;-0.06;0.14;20
40;"Potr";2089.82;1.8;2;20
40;"Potr";2089.82;0.08;0.28;20
40;"Potr";2089.82;1.67;1.87;20
40;"Potr";2089.82;1.32;1.52;20
40;"Potr";2089.82;0.5;0.7;20
40;"Potr";2089.82;1.46;1.66;20
40;"Potr";2089.82;0.45;0.65;20
40;"Potr";2089.82;1.64;1.84;20
40;"Potr";2089.82;0.35;0.55;20
40;"Potr";2089.82;2.32;2.52;20
40;"Potr";2089.82;0.39;0.59;20
40;"Potr";2089.82;1.16;1.36;20
40;"Potr";2089.82;0.01;0.21;20
40;"Potr";2089.82;1.34;1.54;20
40;"Potr";2089.82;3.19;3.39;20
40;"Potr";2089.82;3.03;3.23;20
40;"Potr";2089.82;2.14;2.34;20
40;"Potr";2089.82;1.83;2.03;20
40;"Potr";2089.82;1.93;2.13;20
40;"Potr";2089.82;0.72;0.92;20
40;"Potr";2089.82;1.16;1.36;20
40;"Potr";2089.82;0.97;1.17;20
40;"Potr";2089.82;1.14;1.34;20
40;"Potr";2089.82;2.85;3.05;20
41;"Potr";2560.75;2.93;3.13;20
41;"Potr";2560.75;3.09;3.29;20
41;"Potr";2560.75;2.14;2.34;20
41;"Potr";2560.75;0.01;0.21;20
41;"Potr";2560.75;1.97;2.17;20
41;"Potr";2560.75;1.48;1.68;20
41;"Potr";2560.75;0.37;0.57;20
41;"Potr";2560.75;3;3.2;20
41;"Potr";2560.75;3.19;3.39;20
41;"Potr";2560.75;2.61;2.81;20
41;"Potr";2560.75;1.64;1.84;20
41;"Potr";2560.75;0.73;0.93;20
41;"Potr";2560.75;1.33;1.53;20
41;"Potr";2560.75;1.39;1.59;20
41;"Potr";2560.75;3.84;4.04;20
41;"Potr";2560.75;0.48;0.68;20
41;"Potr";2560.75;3.83;4.03;20
41;"Potr";2560.75;2.64;2.84;20
41;"Potr";2560.75;3.28;3.48;20
41;"Potr";2560.75;1.03;1.23;20
41;"Potr";2560.75;1.66;1.86;20
41;"Potr";2560.75;1.58;1.78;20
41;"Potr";2560.75;0.08;0.28;20
41;"Potr";2560.75;2.42;2.62;20
41;"Potr";2560.75;2.39;2.59;20
42;"Potr";2012.7;1.21;1.41;20
42;"Potr";2012.7;0.82;1.02;20
42;"Potr";2012.7;0.62;0.82;20
42;"Potr";2012.7;3.08;3.28;20
42;"Potr";2012.7;0.47;0.67;20
42;"Potr";2012.7;0.87;1.07;20
42;"Potr";2012.7;2.11;2.31;20
42;"Potr";2012.7;0.84;1.04;20
42;"Potr";2012.7;0.75;0.95;20
42;"Potr";2012.7;0.79;0.99;20
42;"Potr";2012.7;1.25;1.45;20
42;"Potr";2012.7;1.27;1.47;20
42;"Potr";2012.7;2.62;2.82;20
42;"Potr";2012.7;1.66;1.86;20
42;"Potr";2012.7;2.19;2.39;20
42;"Potr";2012.7;1.77;1.97;20
42;"Potr";2012.7;3.47;3.67;20
42;"Potr";2012.7;1.79;1.99;20
42;"Potr";2012.7;1.69;1.89;20
42;"Potr";2012.7;1.29;1.49;20
42;"Potr";2012.7;3.09;3.29;20
42;"Potr";2012.7;3.45;3.65;20
42;"Potr";2012.7;2.36;2.56;20
42;"Potr";2012.7;2.25;2.45;20
42;"Potr";2012.7;1.16;1.36;20
43;"Potr";1671.21;2.02;2.22;20
43;"Potr";1671.21;1.29;1.49;20
43;"Potr";1671.21;0.88;1.08;20
43;"Potr";1671.21;1.2;1.4;20
43;"Potr";1671.21;2.15;2.35;20
43;"Potr";1671.21;2.06;2.26;20
43;"Potr";1671.21;2.05;2.25;20
43;"Potr";1671.21;0.58;0.78;20
43;"Potr";1671.21;2.48;2.68;20
43;"Potr";1671.21;1.57;1.77;20
43;"Potr";1671.21;0.74;0.94;20
43;"Potr";1671.21;1.69;1.89;20
43;"Potr";1671.21;3.22;3.42;20
43;"Potr";1671.21;0.9;1.1;20
43;"Potr";1671.21;0.62;0.82;20
43;"Potr";1671.21;0.87;1.07;20
43;"Potr";1671.21;3.31;3.51;20
43;"Potr";1671.21;1.71;1.91;20
43;"Potr";1671.21;2.19;2.39;20
43;"Potr";1671.21;1.22;1.42;20
43;"Potr";1671.21;0.47;0.67;20
43;"Potr";1671.21;3.32;3.52;20
43;"Potr";1671.21;1.06;1.26;20
43;"Potr";1671.21;1.75;1.95;20
43;"Potr";1671.21;1.73;1.93;20
44;"Potr";769.75;1.07;1.27;20
44;"Potr";769.75;0.94;1.14;20
44;"Potr";769.75;0.39;0.59;20
44;"Potr";769.75;1.27;1.47;20
44;"Potr";769.75;1.71;1.91;20
44;"Potr";769.75;0.52;0.72;20
44;"Potr";769.75;0.32;0.52;20
44;"Potr";769.75;0.24;0.44;20
44;"Potr";769.75;0.03;0.23;20
44;"Potr";769.75;0.8;1;20
44;"Potr";769.75;1.51;1.71;20
44;"Potr";769.75;0.21;0.41;20
44;"Potr";769.75;1.08;1.28;20
44;"Potr";769.75;0.03;0.23;20
44;"Potr";769.75;0.7;0.9;20
44;"Potr";769.75;2.29;2.49;20
44;"Potr";769.75;1.59;1.79;20
44;"Potr";769.75;0.85;1.05;20
44;"Potr";769.75;0.81;1.01;20
44;"Potr";769.75;2.28;2.48;20
44;"Potr";769.75;1.41;1.61;20
44;"Potr";769.75;2.27;2.47;20
44;"Potr";769.75;0.43;0.63;20
44;"Potr";769.75;0.12;0.32;20
44;"Potr";769.75;3.47;3.67;20
45;"Potr";1264.45;1.15;1.35;20
45;"Potr";1264.45;0.34;0.54;20
45;"Potr";1264.45;2.45;2.65;20
45;"Potr";1264.45;0.76;0.96;20
45;"Potr";1264.45;0.35;0.55;20
45;"Potr";1264.45;1.27;1.47;20
45;"Potr";1264.45;0.05;0.25;20
45;"Potr";1264.45;1.52;1.72;20
45;"Potr";1264.45;0.9;1.1;20
45;"Potr";1264.45;2.59;2.79;20
45;"Potr";1264.45;0.83;1.03;20
45;"Potr";1264.45;1.77;1.97;20
45;"Potr";1264.45;0.98;1.18;20
45;"Potr";1264.45;1.91;2.11;20
45;"Potr";1264.45;2.11;2.31;20
45;"Potr";1264.45;0.91;1.11;20
45;"Potr";1264.45;2.82;3.02;20
45;"Potr";1264.45;1.46;1.66;20
45;"Potr";1264.45;1.43;1.63;20
45;"Potr";1264.45;0.11;0.31;20
45;"Potr";1264.45;3.22;3.42;20
45;"Potr";1264.45;1.34;1.54;20
45;"Potr";1264.45;1.35;1.55;20
45;"Potr";1264.45;3.86;4.06;20
45;"Potr";1264.45;0.84;1.04;20
46;"Potr";820.23;0.19;0.39;20
46;"Potr";820.23;1.99;2.19;20
46;"Potr";820.23;2.68;2.88;20
46;"Potr";820.23;0.17;0.37;20
46;"Potr";820.23;1.59;1.79;20
46;"Potr";820.23;0.21;0.41;20
46;"Potr";820.23;1.31;1.51;20
46;"Potr";820.23;1.3;1.5;20
46;"Potr";820.23;0.91;1.11;20
46;"Potr";820.23;0.91;1.11;20
46;"Potr";820.23;3.12;3.32;20
46;"Potr";820.23;0.76;0.96;20
46;"Potr";820.23;0.4;0.6;20
46;"Potr";820.23;1.68;1.88;20
46;"Potr";820.23;0.72;0.92;20
46;"Potr";820.23;0.77;0.97;20
46;"Potr";820.23;0.64;0.84;20
46;"Potr";820.23;0.47;0.67;20
46;"Potr";820.23;0.73;0.93;20
46;"Potr";820.23;0.12;0.32;20
46;"Potr";820.23;1.79;1.99;20
46;"Potr";820.23;0.69;0.89;20
46;"Potr";820.23;2.95;3.15;20
46;"Potr";820.23;1.88;2.08;20
46;"Potr";820.23;1.29;1.49;20
47;"Potr";2245.35;3.83;4.03;20
47;"Potr";2245.35;1.95;2.15;20
47;"Potr";2245.35;2.58;2.78;20
47;"Potr";2245.35;0.47;0.67;20
47;"Potr";2245.35;1.79;1.99;20
47;"Potr";2245.35;1.33;1.53;20
47;"Potr";2245.35;1.88;2.08;20
47;"Potr";2245.35;0.14;0.34;20
47;"Potr";2245.35;3.08;3.28;20
47;"Potr";2245.35;1.7;1.9;20
47;"Potr";2245.35;0.7;0.9;20
47;"Potr";2245.35;1.13;1.33;20
47;"Potr";2245.35;3.46;3.66;20
47;"Potr";2245.35;1.21;1.41;20
47;"Potr";2245.35;1.17;1.37;20
47;"Potr";2245.35;3.29;3.49;20
47;"Potr";2245.35;0.69;0.89;20
47;"Potr";2245.35;1.59;1.79;20
47;"Potr";2245.35;2.18;2.38;20
47;"Potr";2245.35;1.22;1.42;20
47;"Potr";2245.35;2.44;2.64;20
47;"Potr";2245.35;0.69;0.89;20
47;"Potr";2245.35;3.08;3.28;20
47;"Potr";2245.35;3.07;3.27;20
47;"Potr";2245.35;0.74;0.94;20
48;"Potr";1914.45;1.48;1.68;20
48;"Potr";1914.45;0.71;0.91;20
48;"Potr";1914.45;2.9;3.1;20
48;"Potr";1914.45;1.64;1.84;20
48;"Potr";1914.45;2.26;2.46;20
48;"Potr";1914.45;0.82;1.02;20
48;"Potr";1914.45;1.8;2;20
48;"Potr";1914.45;1.38;1.58;20
48;"Potr";1914.45;1.91;2.11;20
48;"Potr";1914.45;2.9;3.1;20
48;"Potr";1914.45;1.94;2.14;20
48;"Potr";1914.45;3.72;3.92;20
48;"Potr";1914.45;1.48;1.68;20
48;"Potr";1914.45;0.56;0.76;20
48;"Potr";1914.45;1.41;1.61;20
48;"Potr";1914.45;0.71;0.91;20
48;"Potr";1914.45;1.55;1.75;20
48;"Potr";1914.45;2.08;2.28;20
48;"Potr";1914.45;2.31;2.51;20
48;"Potr";1914.45;2.44;2.64;20
48;"Potr";1914.45;3.71;3.91;20
48;"Potr";1914.45;0.49;0.69;20
48;"Potr";1914.45;1.03;1.23;20
48;"Potr";1914.45;1.14;1.34;20
48;"Potr";1914.45;0.25;0.45;20
49;"Potr";919.1;1.26;1.46;20
49;"Potr";919.1;1.97;2.17;20
49;"Potr";919.1;0.47;0.67;20
49;"Potr";919.1;0.91;1.11;20
49;"Potr";919.1;2.32;2.52;20
49;"Potr";919.1;1.6;1.8;20
49;"Potr";919.1;0.64;0.84;20
49;"Potr";919.1;0.64;0.84;20
49;"Potr";919.1;1.36;1.56;20
49;"Potr";919.1;2.9;3.1;20
49;"Potr";919.1;1.06;1.26;20
49;"Potr";919.1;2.86;3.06;20
49;"Potr";919.1;2.32;2.52;20
49;"Potr";919.1;0.07;0.27;20
49;"Potr";919.1;3.44;3.64;20
49;"Potr";919.1;2.23;2.43;20
49;"Potr";919.1;0.19;0.39;20
49;"Potr";919.1;2.75;2.95;20
49;"Potr";919.1;0.51;0.71;20
49;"Potr";919.1;1.84;2.04;20
49;"Potr";919.1;0.12;0.32;20
49;"Potr";919.1;0.27;0.47;20
49;"Potr";919.1;1.58;1.78;20
49;"Potr";919.1;2.63;2.83;20
49;"Potr";919.1;1.75;1.95;20
50;"Potr";2497.42;2.54;2.74;20
50;"Potr";2497.42;3.12;3.32;20
50;"Potr";2497.42;2.83;3.03;20
50;"Potr";2497.42;0.32;0.52;20
50;"Potr";2497.42;1.18;1.38;20
50;"Potr";2497.42;0.74;0.94;20
50;"Potr";2497.42;1.96;2.16;20
50;"Potr";2497.42;2.36;2.56;20
50;"Potr";2497.42;1.95;2.15;20
50;"Potr";2497.42;2.32;2.52;20
50;"Potr";2497.42;1.62;1.82;20
50;"Potr";2497.42;2.43;2.63;20
50;"Potr";2497.42;0.47;0.67;20
50;"Potr";2497.42;2.52;2.72;20
50;"Potr";2497.42;0.05;0.25;20
50;"Potr";2497.42;2.1;2.3;20
50;"Potr";2497.42;0.96;1.16;20
50;"Potr";2497.42;2.92;3.12;20
50;"Potr";2497.42;1.37;1.57;20
50;"Potr";2497.42;1.8;2;20
50;"Potr";2497.42;2.67;2.87;20
50;"Potr";2497.42;3.7;3.9;20
50;"Potr";2497.42;0.12;0.32;20
50;"Potr";2497.42;0.88;1.08;20
50;"Potr";2497.42;0.57;0.77;20
51;"Potr";2642.78;1.8;2;20
51;"Potr";2642.78;1.02;1.22;20
51;"Potr";2642.78;0.7;0.9;20
51;"Potr";2642.78;3.06;3.26;20
51;"Potr";2642.78;0.85;1.05;20
51;"Potr";2642.78;3.52;3.72;20
51;"Potr";2642.78;0.55;0.75;20
51;"Potr";2642.78;0.65;0.85;20
51;"Potr";2642.78;0.16;0.36;20
51;"Potr";2642.78;1.71;1.91;20
51;"Potr";2642.78;0.96;1.16;20
51;"Potr";2642.78;2.33;2.53;20
51;"Potr";2642.78;1.08;1.28;20
51;"Potr";2642.78;1.88;2.08;20
51;"Potr";2642.78;0.56;0.76;20
51;"Potr";2642.78;0.87;1.07;20
51;"Potr";2642.78;2.32;2.52;20
51;"Potr";2642.78;0.74;0.94;20
51;"Potr";2642.78;0.62;0.82;20
51;"Potr";2642.78;0.71;0.91;20
51;"Potr";2642.78;1.95;2.15;20
51;"Potr";2642.78;0.62;0.82;20
51;"Potr";2642.78;0.48;0.68;20
51;"Potr";2642.78;0.21;0.41;20
51;"Potr";2642.78;1.03;1.23;20
52;"Potr";1588.72;0.48;0.68;20
52;"Potr";1588.72;0.93;1.13;20
52;"Potr";1588.72;3.04;3.24;20
52;"Potr";1588.72;1.21;1.41;20
52;"Potr";1588.72;3.47;3.67;20
52;"Potr";1588.72;2.52;2.72;20
52;"Potr";1588.72;0.56;0.76;20
52;"Potr";1588.72;2.97;3.17;20
52;"Potr";1588.72;1.97;2.17;20
52;"Potr";1588.72;1.85;2.05;20
52;"Potr";1588.72;1.38;1.58;20
52;"Potr";1588.72;1.83;2.03;20
52;"Potr";1588.72;1.92;2.12;20
52;"Potr";1588.72;1.01;1.21;20
52;"Potr";1588.72;1.32;1.52;20
52;"Potr";1588.72;0.79;0.99;20
52;"Potr";1588.72;3.18;3.38;20
52;"Potr";1588.72;1.75;1.95;20
52;"Potr";1588.72;1.43;1.63;20
52;"Potr";1588.72;0.58;0.78;20
52;"Potr";1588.72;1.08;1.28;20
52;"Potr";1588.72;0.33;0.53;20
52;"Potr";1588.72;0.83;1.03;20
52;"Potr";1588.72;0.57;0.77;20
52;"Potr";1588.72;0.42;0.62;20
53;"Potr";1707.28;0.53;0.73;20
53;"Potr";1707.28;1.03;1.23;20
53;"Potr";1707.28;2.02;2.22;20
53;"Potr";1707.28;0.59;0.79;20
53;"Potr";1707.28;3.3;3.5;20
53;"Potr";1707.28;0.26;0.46;20
53;"Potr";1707.28;0.48;0.68;20
53;"Potr";1707.28;0.06;0.26;20
53;"Potr";1707.28;0.52;0.72;20
53;"Potr";1707.28;0.2;0.4;20
53;"Potr";1707.28;2.05;2.25;20
53;"Potr";1707.28;1.77;1.97;20
53;"Potr";1707.28;2.69;2.89;20
53;"Potr";1707.28;0.01;0.21;20
53;"Potr";1707.28;0.21;0.41;20
53;"Potr";1707.28;3.69;3.89;20
53;"Potr";1707.28;1.14;1.34;20
53;"Potr";1707.28;0.27;0.47;20
53;"Potr";1707.28;2.54;2.74;20
53;"Potr";1707.28;3.18;3.38;20
53;"Potr";1707.28;1.32;1.52;20
53;"Potr";1707.28;0.87;1.07;20
53;"Potr";1707.28;2.79;2.99;20
53;"Potr";1707.28;2.4;2.6;20
53;"Potr";1707.28;1.62;1.82;20
54;"Potr";2415.1;0.2;0.4;20
54;"Potr";2415.1;1.13;1.33;20
54;"Potr";2415.1;1.56;1.76;20
54;"Potr";2415.1;1.25;1.45;20
54;"Potr";2415.1;2.32;2.52;20
54;"Potr";2415.1;2.67;2.87;20
54;"Potr";2415.1;2.59;2.79;20
54;"Potr";2415.1;2.4;2.6;20
54;"Potr";2415.1;3.39;3.59;20
54;"Potr";2415.1;2.15;2.35;20
54;"Potr";2415.1;0.74;0.94;20
54;"Potr";2415.1;2;2.2;20
54;"Potr";2415.1;1.95;2.15;20
54;"Potr";2415.1;0.31;0.51;20
54;"Potr";2415.1;0.7;0.9;20
54;"Potr";2415.1;2.96;3.16;20
54;"Potr";2415.1;1.05;1.25;20
54;"Potr";2415.1;0.3;0.5;20
54;"Potr";2415.1;0.94;1.14;20
54;"Potr";2415.1;0.56;0.76;20
54;"Potr";2415.1;0.31;0.51;20
54;"Potr";2415.1;3.25;3.45;20
54;"Potr";2415.1;3.45;3.65;20
54;"Potr";2415.1;3.57;3.77;20
54;"Potr";2415.1;2.36;2.56;20
55;"Potr";909.55;1.66;1.86;20
55;"Potr";909.55;1.77;1.97;20
55;"Potr";909.55;1.7;1.9;20
55;"Potr";909.55;0.7;0.9;20
55;"Potr";909.55;1.66;1.86;20
55;"Potr";909.55;0.79;0.99;20
55;"Potr";909.55;1.09;1.29;20
55;"Potr";909.55;1.22;1.42;20
55;"Potr";909.55;1.11;1.31;20
55;"Potr";909.55;0.27;0.47;20
55;"Potr";909.55;1.16;1.36;20
55;"Potr";909.55;0.31;0.51;20
55;"Potr";909.55;0.32;0.52;20
55;"Potr";909.55;3.72;3.92;20
55;"Potr";909.55;1.27;1.47;20
55;"Potr";909.55;1.16;1.36;20
55;"Potr";909.55;0.22;0.42;20
55;"Potr";909.55;0.99;1.19;20
55;"Potr";909.55;0.76;0.96;20
55;"Potr";909.55;3.3;3.5;20
55;"Potr";909.55;0.13;0.33;20
55;"Potr";909.55;2.41;2.61;20
55;"Potr";909.55;1.38;1.58;20
55;"Potr";909.55;1.68;1.88;20
55;"Potr";909.55;2.2;2.4;20
56;"Potr";2447.79;0.47;0.67;20
56;"Potr";2447.79;2.44;2.64;20
56;"Potr";2447.79;0.83;1.03;20
56;"Potr";2447.79;1.3;1.5;20
56;"Potr";2447.79;0.59;0.79;20
56;"Potr";2447.79;2.55;2.75;20
56;"Potr";2447.79;3.51;3.71;20
56;"Potr";2447.79;1.08;1.28;20
56;"Potr";2447.79;1.54;1.74;20
56;"Potr";2447.79;0.44;0.64;20
56;"Potr";2447.79;0.04;0.24;20
56;"Potr";2447.79;1.54;1.74;20
56;"Potr";2447.79;1.2;1.4;20
56;"Potr";2447.79;2.31;2.51;20
56;"Potr";2447.79;1.08;1.28;20
56;"Potr";2447.79;0.36;0.56;20
56;"Potr";2447.79;2.97;3.17;20
56;"Potr";2447.79;2.96;3.16;20
56;"Potr";2447.79;0.27;0.47;20
56;"Potr";2447.79;0.19;0.39;20
56;"Potr";2447.79;3.01;3.21;20
56;"Potr";2447.79;0.62;0.82;20
56;"Potr";2447.79;2.79;2.99;20
56;"Potr";2447.79;1.42;1.62;20
56;"Potr";2447.79;0.36;0.56;20
57;"Potr";1876.12;3.21;3.41;20
57;"Potr";1876.12;1.01;1.21;20
57;"Potr";1876.12;1.56;1.76;20
57;"Potr";1876.12;3.25;3.45;20
57;"Potr";1876.12;1.45;1.65;20
57;"Potr";1876.12;2.72;2.92;20
57;"Potr";1876.12;3.47;3.67;20
57;"Potr";1876.12;1.67;1.87;20
57;"Potr";1876.12;0.38;0.58;20
57;"Potr";1876.12;0.93;1.13;20
57;"Potr";1876.12;1.68;1.88;20
57;"Potr";1876.12;1.76;1.96;20
57;"Potr";1876.12;0.52;0.72;20
57;"Potr";1876.12;2.85;3.05;20
57;"Potr";1876.12;0.95;1.15;20
57;"Potr";1876.12;1.53;1.73;20
57;"Potr";1876.12;1.65;1.85;20
57;"Potr";1876.12;2.94;3.14;20
57;"Potr";1876.12;0.78;0.98;20
57;"Potr";1876.12;1.85;2.05;20
57;"Potr";1876.12;1.23;1.43;20
57;"Potr";1876.12;1.71;1.91;20
57;"Potr";1876.12;1.66;1.86;20
57;"Potr";1876.12;2.04;2.24;20
57;"Potr";1876.12;1.08;1.28;20
58;"Potr";2075.04;2.38;2.58;20
58;"Potr";2075.04;1.66;1.86;20
58;"Potr";2075.04;0.16;0.36;20
58;"Potr";2075.04;1.59;1.79;20
58;"Potr";2075.04;0.6;0.8;20
58;"Potr";2075.04;0.57;0.77;20
58;"Potr";2075.04;1.2;1.4;20
58;"Potr";2075.04;3.3;3.5;20
58;"Potr";2075.04;0.87;1.07;20
58;"Potr";2075.04;2.01;2.21;20
58;"Potr";2075.04;1.68;1.88;20
58;"Potr";2075.04;1.3;1.5;20
58;"Potr";2075.04;3.65;3.85;20
58;"Potr";2075.04;0.22;0.42;20
58;"Potr";2075.04;0.89;1.09;20
58;"Potr";2075.04;1.72;1.92;20
58;"Potr";2075.04;2.05;2.25;20
58;"Potr";2075.04;3.22;3.42;20
58;"Potr";2075.04;1.28;1.48;20
58;"Potr";2075.04;0.8;1;20
58;"Potr";2075.04;2.42;2.62;20
58;"Potr";2075.04;2.62;2.82;20
58;"Potr";2075.04;3.15;3.35;20
58;"Potr";2075.04;0.75;0.95;20
58;"Potr";2075.04;1.87;2.07;20
59;"Potr";1835.81;0.3;0.5;20
59;"Potr";1835.81;2.25;2.45;20
59;"Potr";1835.81;1.83;2.03;20
59;"Potr";1835.81;-0.02;0.18;20
59;"Potr";1835.81;1.78;1.98;20
59;"Potr";1835.81;2.43;2.63;20
59;"Potr";1835.81;1.8;2;20
59;"Potr";1835.81;1.45;1.65;20
59;"Potr";1835.81;1.59;1.79;20
59;"Potr";1835.81;2.74;2.94;20
59;"Potr";1835.81;1.56;1.76;20
59;"Potr";1835.81;0.72;0.92;20
59;"Potr";1835.81;0.64;0.84;20
59;"Potr";1835.81;2.23;2.43;20
59;"Potr";1835.81;0.19;0.39;20
59;"Potr";1835.81;1.16;1.36;20
59;"Potr";1835.81;2.05;2.25;20
59;"Potr";1835.81;1.31;1.51;20
59;"Potr";1835.81;1.79;1.99;20
59;"Potr";1835.81;1.24;1.44;20
59;"Potr";1835.81;1.38;1.58;20
59;"Potr";1835.81;0.58;0.78;20
59;"Potr";1835.81;1.24;1.44;20
59;"Potr";1835.81;1.69;1.89;20
59;"Potr";1835.81;0.98;1.18;20
60;"Potr";688.7;2.52;2.72;20
60;"Potr";688.7;1.07;1.27;20
60;"Potr";688.7;3.15;3.35;20
60;"Potr";688.7;1.48;1.68;20
60;"Potr";688.7;2.82;3.02;20
60;"Potr";688.7;0.54;0.74;20
60;"Potr";688.7;1.34;1.54;20
60;"Potr";688.7;1.72;1.92;20
60;"Potr";688.7;0.86;1.06;20
60;"Potr";688.7;0.8;1;20
60;"Potr";688.7;0.29;0.49;20
60;"Potr";688.7;1.52;1.72;20
60;"Potr";688.7;3.25;3.45;20
60;"Potr";688.7;0.67;0.87;20
60;"Potr";688.7;2.29;2.49;20
60;"Potr";688.7;1.53;1.73;20
60;"Potr";688.7;0.51;0.71;20
60;"Potr";688.7;0.68;0.88;20
60;"Potr";688.7;1.27;1.47;20
60;"Potr";688.7;1.12;1.32;20
60;"Potr";688.7;0.1;0.3;20
60;"Potr";688.7;2.84;3.04;20
60;"Potr";688.7;0.17;0.37;20
60;"Potr";688.7;0.48;0.68;20
60;"Potr";688.7;1.03;1.23;20
61;"Potr";773.31;0.43;0.63;20
61;"Potr";773.31;1.99;2.19;20
61;"Potr";773.31;1.1;1.3;20
61;"Potr";773.31;1.87;2.07;20
61;"Potr";773.31;3.88;4.08;20
61;"Potr";773.31;1.12;1.32;20
61;"Potr";773.31;2.28;2.48;20
61;"Potr";773.31;0.89;1.09;20
61;"Potr";773.31;2.77;2.97;20
61;"Potr";773.31;0.68;0.88;20
61;"Potr";773.31;3.24;3.44;20
61;"Potr";773.31;1.05;1.25;20
61;"Potr";773.31;0.28;0.48;20
61;"Potr";773.31;0.58;0.78;20
61;"Potr";773.31;0.19;0.39;20
61;"Potr";773.31;3.18;3.38;20
61;"Potr";773.31;0.6;0.8;20
61;"Potr";773.31;2.23;2.43;20
61;"Potr";773.31;1.24;1.44;20
61;"Potr";773.31;0.56;0.76;20
61;"Potr";773.31;2.68;2.88;20
61;"Potr";773.31;0.98;1.18;20
61;"Potr";773.31;2.43;2.63;20
61;"Potr";773.31;0.9;1.1;20
61;"Potr";773.31;1.17;1.37;20
62;"Potr";1093.22;-0.02;0.18;20
62;"Potr";1093.22;3.75;3.95;20
62;"Potr";1093.22;2.37;2.57;20
62;"Potr";1093.22;1.21;1.41;20
62;"Potr";1093.22;1.84;2.04;20
62;"Potr";1093.22;0.51;0.71;20
62;"Potr";1093.22;1.55;1.75;20
62;"Potr";1093.22;0.61;0.81;20
62;"Potr";1093.22;1.14;1.34;20
62;"Potr";1093.22;1.68;1.88;20
62;"Potr";1093.22;0.04;0.24;20
62;"Potr";1093.22;2.69;2.89;20
62;"Potr";1093.22;2.71;2.91;20
62;"Potr";1093.22;0.4;0.6;20
62;"Potr";1093.22;1.64;1.84;20
62;"Potr";1093.22;3.04;3.24;20
62;"Potr";1093.22;1.2;1.4;20
62;"Potr";1093.22;3.45;3.65;20
62;"Potr";1093.22;1.64;1.84;20
62;"Potr";1093.22;1.05;1.25;20
62;"Potr";1093.22;0.47;0.67;20
62;"Potr";1093.22;0.21;0.41;20
62;"Potr";1093.22;0.81;1.01;20
62;"Potr";1093.22;1.16;1.36;20
62;"Potr";1093.22;0.75;0.95;20
63;"Potr";1220.63;0.41;0.61;20
63;"Potr";1220.63;0.49;0.69;20
63;"Potr";1220.63;2.85;3.05;20
63;"Potr";1220.63;2.07;2.27;20
63;"Potr";1220.63;2.78;2.98;20
63;"Potr";1220.63;2.2;2.4;20
63;"Potr";1220.63;0.98;1.18;20
63;"Potr";1220.63;1.73;1.93;20
63;"Potr";1220.63;1.94;2.14;20
63;"Potr";1220.63;0.41;0.61;20
63;"Potr";1220.63;0.14;0.34;20
63;"Potr";1220.63;0.06;0.26;20
63;"Potr";1220.63;1.36;1.56;20
63;"Potr";1220.63;0.55;0.75;20
63;"Potr";1220.63;0.99;1.19;20
63;"Potr";1220.63;2.14;2.34;20
63;"Potr";1220.63;0.51;0.71;20
63;"Potr";1220.63;0.85;1.05;20
63;"Potr";1220.63;1.38;1.58;20
63;"Potr";1220.63;1.78;1.98;20
63;"Potr";1220.63;0.03;0.23;20
63;"Potr";1220.63;0.77;0.97;20
63;"Potr";1220.63;1.78;1.98;20
63;"Potr";1220.63;1.87;2.07;20
63;"Potr";1220.63;1.62;1.82;20
