"stand_id";"species";"count";"height_from";"height_to";"age"
"1 0 0 BF71 55 30 34 33 33";"Aspen";936.02;1.56;1.76;20
"1 0 0 BF71 55 30 34 33 33";"Aspen";936.02;0.72;0.92;20
"1 0 0 BF71 55 30 34 33 33";"Aspen";936.02;0.64;0.84;20
"1 0 0 BF71 55 30 34 33 33";"Aspen";936.02;2.23;2.43;20
"1 0 0 BF71 55 30 34 33 33";"Aspen";936.02;0.19;0.39;20
"1 0 0 BF71 55 30 34 33 33";"Aspen";936.02;1.16;1.36;20
"1 0 0 BF71 55 30 34 33 33";"Aspen";936.02;2.05;2.25;20
"1 0 0 BF71 55 30 34 33 33";"Aspen";936.02;1.31;1.51;20
"1 0 0 BF71 55 30 34 33 33";"Aspen";936.02;1.79;1.99;20
"1 0 0 BF71 55 30 34 33 33";"Aspen";936.02;1.24;1.44;20
"1 0 0 BF71 55 30 34 33 33";"Aspen";936.02;1.38;1.58;20
"1 0 0 BF71 55 30 34 33 33";"Aspen";936.02;0.58;0.78;20
"1 0 0 BF71 55 30 34 33 33";"Aspen";936.02;1.24;1.44;20
"1 0 0 BF71 55 30 34 33 33";"Aspen";936.02;1.69;1.89;20
"1 0 0 BF71 55 30 34 33 33";"Aspen";936.02;0.98;1.18;20
"1 0 0 BF71 55 30 34 33 33";"Aspen";936.02;2.52;2.72;20
"1 0 0 BF71 55 30 34 33 33";"Aspen";936.02;1.07;1.27;20
"1 0 0 BF71 55 30 34 33 33";"Aspen";936.02;3.15;3.35;20
"1 0 0 BF71 55 30 34 33 33";"Aspen";936.02;1.48;1.68;20
"1 0 0 BF71 55 30 34 33 33";"Aspen";936.02;2.82;3.02;20
"1 0 0 BF71 55 30 34 33 33";"Aspen";936.02;0.54;0.74;20
"1 0 0 BF71 55 30 34 33 33";"Aspen";936.02;1.34;1.54;20
"1 0 0 BF71 55 30 34 33 33";"Aspen";936.02;1.72;1.92;20
"1 0 0 BF71 55 30 34 33 33";"Aspen";936.02;0.86;1.06;20
"1 0 0 BF71 55 30 34 33 33";"Aspen";936.02;0.8;1;20
"2 1 0 BF99 55 30 34 33 33";"Aspen";448.18;0.29;0.49;20
"2 1 0 BF99 55 30 34 33 33";"Aspen";448.18;1.52;1.72;20
"2 1 0 BF99 55 30 34 33 33";"Aspen";448.18;3.25;3.45;20
"2 1 0 BF99 55 30 34 33 33";"Aspen";448.18;0.67;0.87;20
"2 1 0 BF99 55 30 34 33 33";"Aspen";448.18;2.29;2.49;20
"2 1 0 BF99 55 30 34 33 33";"Aspen";448.18;1.53;1.73;20
"2 1 0 BF99 55 30 34 33 33";"Aspen";448.18;0.51;0.71;20
"2 1 0 BF99 55 30 34 33 33";"Aspen";448.18;0.68;0.88;20
"2 1 0 BF99 55 30 34 33 33";"Aspen";448.18;1.27;1.47;20
"2 1 0 BF99 55 30 34 33 33";"Aspen";448.18;1.12;1.32;20
"2 1 0 BF99 55 30 34 33 33";"Aspen";448.18;0.1;0.3;20
"2 1 0 BF99 55 30 34 33 33";"Aspen";448.18;2.84;3.04;20
"2 1 0 BF99 55 30 34 33 33";"Aspen";448.18;0.17;0.37;20
"2 1 0 BF99 55 30 34 33 33";"Aspen";448.18;0.48;0.68;20
"2 1 0 BF99 55 30 34 33 33";"Aspen";448.18;1.03;1.23;20
"2 1 0 BF99 55 30 34 33 33";"Aspen";448.18;0.43;0.63;20
"2 1 0 BF99 55 30 34 33 33";"Aspen";448.18;1.99;2.19;20
"2 1 0 BF99 55 30 34 33 33";"Aspen";448.18;1.1;1.3;20
"2 1 0 BF99 55 30 34 33 33";"Aspen";448.18;1.87;2.07;20
"2 1 0 BF99 55 30 34 33 33";"Aspen";448.18;3.88;4.08;20
"2 1 0 BF99 55 30 34 33 33";"Aspen";448.18;1.12;1.32;20
"2 1 0 BF99 55 30 34 33 33";"Aspen";448.18;2.28;2.48;20
"2 1 0 BF99 55 30 34 33 33";"Aspen";448.18;0.89;1.09;20
"2 1 0 BF99 55 30 34 33 33";"Aspen";448.18;2.77;2.97;20
"2 1 0 BF99 55 30 34 33 33";"Aspen";448.18;0.68;0.88;20
"3 2 0 BF99 55 30 34 33 33";"Aspen";900.22;3.24;3.44;20
"3 2 0 BF99 55 30 34 33 33";"Aspen";900.22;1.05;1.25;20
"3 2 0 BF99 55 30 34 33 33";"Aspen";900.22;0.28;0.48;20
"3 2 0 BF99 55 30 34 33 33";"Aspen";900.22;0.58;0.78;20
"3 2 0 BF99 55 30 34 33 33";"Aspen";900.22;0.19;0.39;20
"3 2 0 BF99 55 30 34 33 33";"Aspen";900.22;3.18;3.38;20
"3 2 0 BF99 55 30 34 33 33";"Aspen";900.22;0.6;0.8;20
"3 2 0 BF99 55 30 34 33 33";"Aspen";900.22;2.23;2.43;20
"3 2 0 BF99 55 30 34 33 33";"Aspen";900.22;1.24;1.44;20
"3 2 0 BF99 55 30 34 33 33";"Aspen";900.22;0.56;0.76;20
"3 2 0 BF99 55 30 34 33 33";"Aspen";900.22;2.68;2.88;20
"3 2 0 BF99 55 30 34 33 33";"Aspen";900.22;0.98;1.18;20
"3 2 0 BF99 55 30 34 33 33";"Aspen";900.22;2.43;2.63;20
"3 2 0 BF99 55 30 34 33 33";"Aspen";900.22;0.9;1.1;20
"3 2 0 BF99 55 30 34 33 33";"Aspen";900.22;1.17;1.37;20
"3 2 0 BF99 55 30 34 33 33";"Aspen";900.22;-0.02;0.18;20
"3 2 0 BF99 55 30 34 33 33";"Aspen";900.22;3.75;3.95;20
"3 2 0 BF99 55 30 34 33 33";"Aspen";900.22;2.37;2.57;20
"3 2 0 BF99 55 30 34 33 33";"Aspen";900.22;1.21;1.41;20
"3 2 0 BF99 55 30 34 33 33";"Aspen";900.22;1.84;2.04;20
"3 2 0 BF99 55 30 34 33 33";"Aspen";900.22;0.51;0.71;20
"3 2 0 BF99 55 30 34 33 33";"Aspen";900.22;1.55;1.75;20
"3 2 0 BF99 55 30 34 33 33";"Aspen";900.22;0.61;0.81;20
"3 2 0 BF99 55 30 34 33 33";"Aspen";900.22;1.14;1.34;20
"3 2 0 BF99 55 30 34 33 33";"Aspen";900.22;1.68;1.88;20
"4 3 0 BF99 55 30 34 33 33";"Aspen";921.51;0.04;0.24;20
"4 3 0 BF99 55 30 34 33 33";"Aspen";921.51;2.69;2.89;20
"4 3 0 BF99 55 30 34 33 33";"Aspen";921.51;2.71;2.91;20
"4 3 0 BF99 55 30 34 33 33";"Aspen";921.51;0.4;0.6;20
"4 3 0 BF99 55 30 34 33 33";"Aspen";921.51;1.64;1.84;20
"4 3 0 BF99 55 30 34 33 33";"Aspen";921.51;3.04;3.24;20
"4 3 0 BF99 55 30 34 33 33";"Aspen";921.51;1.2;1.4;20
"4 3 0 BF99 55 30 34 33 33";"Aspen";921.51;3.45;3.65;20
"4 3 0 BF99 55 30 34 33 33";"Aspen";921.51;1.64;1.84;20
"4 3 0 BF99 55 30 34 33 33";"Aspen";921.51;1.05;1.25;20
"4 3 0 BF99 55 30 34 33 33";"Aspen";921.51;0.47;0.67;20
"4 3 0 BF99 55 30 34 33 33";"Aspen";921.51;0.21;0.41;20
"4 3 0 BF99 55 30 34 33 33";"Aspen";921.51;0.81;1.01;20
"4 3 0 BF99 55 30 34 33 33";"Aspen";921.51;1.16;1.36;20
"4 3 0 BF99 55 30 34 33 33";"Aspen";921.51;0.75;0.95;20
"4 3 0 BF99 55 30 34 33 33";"Aspen";921.51;0.41;0.61;20
"4 3 0 BF99 55 30 34 33 33";"Aspen";921.51;0.49;0.69;20
"4 3 0 BF99 55 30 34 33 33";"Aspen";921.51;2.85;3.05;20
"4 3 0 BF99 55 30 34 33 33";"Aspen";921.51;2.07;2.27;20
"4 3 0 BF99 55 30 34 33 33";"Aspen";921.51;2.78;2.98;20
"4 3 0 BF99 55 30 34 33 33";"Aspen";921.51;2.2;2.4;20
"4 3 0 BF99 55 30 34 33 33";"Aspen";921.51;0.98;1.18;20
"4 3 0 BF99 55 30 34 33 33";"Aspen";921.51;1.73;1.93;20
"4 3 0 BF99 55 30 34 33 33";"Aspen";921.51;1.94;2.14;20
"4 3 0 BF99 55 30 34 33 33";"Aspen";921.51;0.41;0.61;20
"5 4 0 BF99 55 30 34 33 33";"Aspen";1485.04;0.14;0.34;20
"5 4 0 BF99 55 30 34 33 33";"Aspen";1485.04;0.06;0.26;20
"5 4 0 BF99 55 30 34 33 33";"Aspen";1485.04;1.36;1.56;20
"5 4 0 BF99 55 30 34 33 33";"Aspen";1485.04;0.55;0.75;20
"5 4 0 BF99 55 30 34 33 33";"Aspen";1485.04;0.99;1.19;20
"5 4 0 BF99 55 30 34 33 33";"Aspen";1485.04;2.14;2.34;20
"5 4 0 BF99 55 30 34 33 33";"Aspen";1485.04;0.51;0.71;20
"5 4 0 BF99 55 30 34 33 33";"Aspen";1485.04;0.85;1.05;20
"5 4 0 BF99 55 30 34 33 33";"Aspen";1485.04;1.38;1.58;20
"5 4 0 BF99 55 30 34 33 33";"Aspen";1485.04;1.78;1.98;20
"5 4 0 BF99 55 30 34 33 33";"Aspen";1485.04;0.03;0.23;20
"5 4 0 BF99 55 30 34 33 33";"Aspen";1485.04;0.77;0.97;20
"5 4 0 BF99 55 30 34 33 33";"Aspen";1485.04;1.78;1.98;20
"5 4 0 BF99 55 30 34 33 33";"Aspen";1485.04;1.87;2.07;20
"5 4 0 BF99 55 30 34 33 33";"Aspen";1485.04;1.62;1.82;20
"5 4 0 BF99 55 30 34 33 33";"Aspen";1485.04;1.09;1.29;20
"5 4 0 BF99 55 30 34 33 33";"Aspen";1485.04;3.61;3.81;20
"5 4 0 BF99 55 30 34 33 33";"Aspen";1485.04;2.03;2.23;20
"5 4 0 BF99 55 30 34 33 33";"Aspen";1485.04;2.01;2.21;20
"5 4 0 BF99 55 30 34 33 33";"Aspen";1485.04;0.52;0.72;20
"5 4 0 BF99 55 30 34 33 33";"Aspen";1485.04;0.44;0.64;20
"5 4 0 BF99 55 30 34 33 33";"Aspen";1485.04;0.7;0.9;20
"5 4 0 BF99 55 30 34 33 33";"Aspen";1485.04;3.11;3.31;20
"5 4 0 BF99 55 30 34 33 33";"Aspen";1485.04;2.34;2.54;20
"5 4 0 BF99 55 30 34 33 33";"Aspen";1485.04;1.4;1.6;20
"6 5 0 BF99 55 30 34 33 33";"Aspen";719.68;0.62;0.82;20
"6 5 0 BF99 55 30 34 33 33";"Aspen";719.68;3.81;4.01;20
"6 5 0 BF99 55 30 34 33 33";"Aspen";719.68;0.33;0.53;20
"6 5 0 BF99 55 30 34 33 33";"Aspen";719.68;2.81;3.01;20
"6 5 0 BF99 55 30 34 33 33";"Aspen";719.68;2.92;3.12;20
"6 5 0 BF99 55 30 34 33 33";"Aspen";719.68;0.24;0.44;20
"6 5 0 BF99 55 30 34 33 33";"Aspen";719.68;0.97;1.17;20
"6 5 0 BF99 55 30 34 33 33";"Aspen";719.68;1.64;1.84;20
"6 5 0 BF99 55 30 34 33 33";"Aspen";719.68;2.95;3.15;20
"6 5 0 BF99 55 30 34 33 33";"Aspen";719.68;1.29;1.49;20
"6 5 0 BF99 55 30 34 33 33";"Aspen";719.68;0.22;0.42;20
"6 5 0 BF99 55 30 34 33 33";"Aspen";719.68;2.15;2.35;20
"6 5 0 BF99 55 30 34 33 33";"Aspen";719.68;0.76;0.96;20
"6 5 0 BF99 55 30 34 33 33";"Aspen";719.68;0.23;0.43;20
"6 5 0 BF99 55 30 34 33 33";"Aspen";719.68;0.29;0.49;20
"6 5 0 BF99 55 30 34 33 33";"Aspen";719.68;3.24;3.44;20
"6 5 0 BF99 55 30 34 33 33";"Aspen";719.68;1.37;1.57;20
"6 5 0 BF99 55 30 34 33 33";"Aspen";719.68;2.55;2.75;20
"6 5 0 BF99 55 30 34 33 33";"Aspen";719.68;1.97;2.17;20
"6 5 0 BF99 55 30 34 33 33";"Aspen";719.68;0.43;0.63;20
"6 5 0 BF99 55 30 34 33 33";"Aspen";719.68;0.91;1.11;20
"6 5 0 BF99 55 30 34 33 33";"Aspen";719.68;1.07;1.27;20
"6 5 0 BF99 55 30 34 33 33";"Aspen";719.68;1.27;1.47;20
"6 5 0 BF99 55 30 34 33 33";"Aspen";719.68;1.76;1.96;20
"6 5 0 BF99 55 30 34 33 33";"Aspen";719.68;1.34;1.54;20
"7 6 0 BF99 55 30 34 33 33";"Aspen";1353.88;1.91;2.11;20
"7 6 0 BF99 55 30 34 33 33";"Aspen";1353.88;2.02;2.22;20
"7 6 0 BF99 55 30 34 33 33";"Aspen";1353.88;1.8;2;20
"7 6 0 BF99 55 30 34 33 33";"Aspen";1353.88;0.42;0.62;20
"7 6 0 BF99 55 30 34 33 33";"Aspen";1353.88;2.61;2.81;20
"7 6 0 BF99 55 30 34 33 33";"Aspen";1353.88;3.49;3.69;20
"7 6 0 BF99 55 30 34 33 33";"Aspen";1353.88;0.98;1.18;20
"7 6 0 BF99 55 30 34 33 33";"Aspen";1353.88;1.59;1.79;20
"7 6 0 BF99 55 30 34 33 33";"Aspen";1353.88;0.45;0.65;20
"7 6 0 BF99 55 30 34 33 33";"Aspen";1353.88;2.75;2.95;20
"7 6 0 BF99 55 30 34 33 33";"Aspen";1353.88;1.98;2.18;20
"7 6 0 BF99 55 30 34 33 33";"Aspen";1353.88;1.03;1.23;20
"7 6 0 BF99 55 30 34 33 33";"Aspen";1353.88;1.63;1.83;20
"7 6 0 BF99 55 30 34 33 33";"Aspen";1353.88;1.02;1.22;20
"7 6 0 BF99 55 30 34 33 33";"Aspen";1353.88;1.33;1.53;20
"7 6 0 BF99 55 30 34 33 33";"Aspen";1353.88;3.13;3.33;20
"7 6 0 BF99 55 30 34 33 33";"Aspen";1353.88;0.59;0.79;20
"7 6 0 BF99 55 30 34 33 33";"Aspen";1353.88;0.47;0.67;20
"7 6 0 BF99 55 30 34 33 33";"Aspen";1353.88;1.28;1.48;20
"7 6 0 BF99 55 30 34 33 33";"Aspen";1353.88;0.41;0.61;20
"7 6 0 BF99 55 30 34 33 33";"Aspen";1353.88;0.47;0.67;20
"7 6 0 BF99 55 30 34 33 33";"Aspen";1353.88;3.84;4.04;20
"7 6 0 BF99 55 30 34 33 33";"Aspen";1353.88;3.18;3.38;20
"7 6 0 BF99 55 30 34 33 33";"Aspen";1353.88;2.72;2.92;20
"7 6 0 BF99 55 30 34 33 33";"Aspen";1353.88;0.99;1.19;20
"8 7 0 BF99 55 30 34 33 33";"Aspen";1301.13;1.15;1.35;20
"8 7 0 BF99 55 30 34 33 33";"Aspen";1301.13;1.23;1.43;20
"8 7 0 BF99 55 30 34 33 33";"Aspen";1301.13;0.94;1.14;20
"8 7 0 BF99 55 30 34 33 33";"Aspen";1301.13;1.25;1.45;20
"8 7 0 BF99 55 30 34 33 33";"Aspen";1301.13;1.63;1.83;20
"8 7 0 BF99 55 30 34 33 33";"Aspen";1301.13;0.95;1.15;20
"8 7 0 BF99 55 30 34 33 33";"Aspen";1301.13;1.93;2.13;20
"8 7 0 BF99 55 30 34 33 33";"Aspen";1301.13;0.38;0.58;20
"8 7 0 BF99 55 30 34 33 33";"Aspen";1301.13;0.72;0.92;20
"8 7 0 BF99 55 30 34 33 33";"Aspen";1301.13;0.94;1.14;20
"8 7 0 BF99 55 30 34 33 33";"Aspen";1301.13;0.2;0.4;20
"8 7 0 BF99 55 30 34 33 33";"Aspen";1301.13;0.31;0.51;20
"8 7 0 BF99 55 30 34 33 33";"Aspen";1301.13;1.49;1.69;20
"8 7 0 BF99 55 30 34 33 33";"Aspen";1301.13;2.81;3.01;20
"8 7 0 BF99 55 30 34 33 33";"Aspen";1301.13;0.63;0.83;20
"8 7 0 BF99 55 30 34 33 33";"Aspen";1301.13;0.73;0.93;20
"8 7 0 BF99 55 30 34 33 33";"Aspen";1301.13;2.24;2.44;20
"8 7 0 BF99 55 30 34 33 33";"Aspen";1301.13;0.36;0.56;20
"8 7 0 BF99 55 30 34 33 33";"Aspen";1301.13;3.22;3.42;20
"8 7 0 BF99 55 30 34 33 33";"Aspen";1301.13;0.48;0.68;20
"8 7 0 BF99 55 30 34 33 33";"Aspen";1301.13;2.87;3.07;20
"8 7 0 BF99 55 30 34 33 33";"Aspen";1301.13;3.15;3.35;20
"8 7 0 BF99 55 30 34 33 33";"Aspen";1301.13;2.49;2.69;20
"8 7 0 BF99 55 30 34 33 33";"Aspen";1301.13;0.5;0.7;20
"8 7 0 BF99 55 30 34 33 33";"Aspen";1301.13;0.82;1.02;20
"9 8 0 BF99 55 30 34 33 33";"Aspen";2041.1;1.43;1.63;20
"9 8 0 BF99 55 30 34 33 33";"Aspen";2041.1;0.82;1.02;20
"9 8 0 BF99 55 30 34 33 33";"Aspen";2041.1;2.33;2.53;20
"9 8 0 BF99 55 30 34 33 33";"Aspen";2041.1;3.81;4.01;20
"9 8 0 BF99 55 30 34 33 33";"Aspen";2041.1;1.66;1.86;20
"9 8 0 BF99 55 30 34 33 33";"Aspen";2041.1;0.63;0.83;20
"9 8 0 BF99 55 30 34 33 33";"Aspen";2041.1;0.3;0.5;20
"9 8 0 BF99 55 30 34 33 33";"Aspen";2041.1;2.44;2.64;20
"9 8 0 BF99 55 30 34 33 33";"Aspen";2041.1;1.14;1.34;20
"9 8 0 BF99 55 30 34 33 33";"Aspen";2041.1;2.58;2.78;20
"9 8 0 BF99 55 30 34 33 33";"Aspen";2041.1;0.36;0.56;20
"9 8 0 BF99 55 30 34 33 33";"Aspen";2041.1;0.15;0.35;20
"9 8 0 BF99 55 30 34 33 33";"Aspen";2041.1;1.85;2.05;20
"9 8 0 BF99 55 30 34 33 33";"Aspen";2041.1;1.4;1.6;20
"9 8 0 BF99 55 30 34 33 33";"Aspen";2041.1;2.03;2.23;20
"9 8 0 BF99 55 30 34 33 33";"Aspen";2041.1;0.73;0.93;20
"9 8 0 BF99 55 30 34 33 33";"Aspen";2041.1;0.73;0.93;20
"9 8 0 BF99 55 30 34 33 33";"Aspen";2041.1;2.86;3.06;20
"9 8 0 BF99 55 30 34 33 33";"Aspen";2041.1;0.81;1.01;20
"9 8 0 BF99 55 30 34 33 33";"Aspen";2041.1;1.91;2.11;20
"9 8 0 BF99 55 30 34 33 33";"Aspen";2041.1;1.9;2.1;20
"9 8 0 BF99 55 30 34 33 33";"Aspen";2041.1;3.25;3.45;20
"9 8 0 BF99 55 30 34 33 33";"Aspen";2041.1;1.27;1.47;20
"9 8 0 BF99 55 30 34 33 33";"Aspen";2041.1;3.11;3.31;20
"9 8 0 BF99 55 30 34 33 33";"Aspen";2041.1;1.81;2.01;20
"10 9 0 BF99 55 30 34 33 33";"Aspen";2840.5;2.15;2.35;20
"10 9 0 BF99 55 30 34 33 33";"Aspen";2840.5;0.44;0.64;20
"10 9 0 BF99 55 30 34 33 33";"Aspen";2840.5;1.01;1.21;20
"10 9 0 BF99 55 30 34 33 33";"Aspen";2840.5;0.28;0.48;20
"10 9 0 BF99 55 30 34 33 33";"Aspen";2840.5;0.31;0.51;20
"10 9 0 BF99 55 30 34 33 33";"Aspen";2840.5;1.22;1.42;20
"10 9 0 BF99 55 30 34 33 33";"Aspen";2840.5;2.46;2.66;20
"10 9 0 BF99 55 30 34 33 33";"Aspen";2840.5;0.82;1.02;20
"10 9 0 BF99 55 30 34 33 33";"Aspen";2840.5;1.03;1.23;20
"10 9 0 BF99 55 30 34 33 33";"Aspen";2840.5;1.93;2.13;20
"10 9 0 BF99 55 30 34 33 33";"Aspen";2840.5;0.1;0.3;20
"10 9 0 BF99 55 30 34 33 33";"Aspen";2840.5;2.74;2.94;20
"10 9 0 BF99 55 30 34 33 33";"Aspen";2840.5;3.02;3.22;20
"10 9 0 BF99 55 30 34 33 33";"Aspen";2840.5;2.36;2.56;20
"10 9 0 BF99 55 30 34 33 33";"Aspen";2840.5;3.82;4.02;20
"10 9 0 BF99 55 30 34 33 33";"Aspen";2840.5;1.74;1.94;20
"10 9 0 BF99 55 30 34 33 33";"Aspen";2840.5;0.73;0.93;20
"10 9 0 BF99 55 30 34 33 33";"Aspen";2840.5;0.28;0.48;20
"10 9 0 BF99 55 30 34 33 33";"Aspen";2840.5;1.37;1.57;20
"10 9 0 BF99 55 30 34 33 33";"Aspen";2840.5;0.69;0.89;20
"10 9 0 BF99 55 30 34 33 33";"Aspen";2840.5;0.98;1.18;20
"10 9 0 BF99 55 30 34 33 33";"Aspen";2840.5;0.75;0.95;20
"10 9 0 BF99 55 30 34 33 33";"Aspen";2840.5;3.67;3.87;20
"10 9 0 BF99 55 30 34 33 33";"Aspen";2840.5;1.74;1.94;20
"10 9 0 BF99 55 30 34 33 33";"Aspen";2840.5;2;2.2;20
"11 10 0 BF99 55 30 34 33 33";"Aspen";679.05;2.76;2.96;20
"11 10 0 BF99 55 30 34 33 33";"Aspen";679.05;0.38;0.58;20
"11 10 0 BF99 55 30 34 33 33";"Aspen";679.05;3.05;3.25;20
"11 10 0 BF99 55 30 34 33 33";"Aspen";679.05;3.69;3.89;20
"11 10 0 BF99 55 30 34 33 33";"Aspen";679.05;1.84;2.04;20
"11 10 0 BF99 55 30 34 33 33";"Aspen";679.05;3.76;3.96;20
"11 10 0 BF99 55 30 34 33 33";"Aspen";679.05;3.9;4.1;20
"11 10 0 BF99 55 30 34 33 33";"Aspen";679.05;1.51;1.71;20
"11 10 0 BF99 55 30 34 33 33";"Aspen";679.05;0.92;1.12;20
"11 10 0 BF99 55 30 34 33 33";"Aspen";679.05;2.06;2.26;20
"11 10 0 BF99 55 30 34 33 33";"Aspen";679.05;0.2;0.4;20
"11 10 0 BF99 55 30 34 33 33";"Aspen";679.05;1.22;1.42;20
"11 10 0 BF99 55 30 34 33 33";"Aspen";679.05;2.42;2.62;20
"11 10 0 BF99 55 30 34 33 33";"Aspen";679.05;1.96;2.16;20
"11 10 0 BF99 55 30 34 33 33";"Aspen";679.05;0.69;0.89;20
"11 10 0 BF99 55 30 34 33 33";"Aspen";679.05;0.49;0.69;20
"11 10 0 BF99 55 30 34 33 33";"Aspen";679.05;0.99;1.19;20
"11 10 0 BF99 55 30 34 33 33";"Aspen";679.05;0.87;1.07;20
"11 10 0 BF99 55 30 34 33 33";"Aspen";679.05;2.06;2.26;20
"11 10 0 BF99 55 30 34 33 33";"Aspen";679.05;2.65;2.85;20
"11 10 0 BF99 55 30 34 33 33";"Aspen";679.05;1.07;1.27;20
"11 10 0 BF99 55 30 34 33 33";"Aspen";679.05;0.55;0.75;20
"11 10 0 BF99 55 30 34 33 33";"Aspen";679.05;2.98;3.18;20
"11 10 0 BF99 55 30 34 33 33";"Aspen";679.05;0.5;0.7;20
"11 10 0 BF99 55 30 34 33 33";"Aspen";679.05;0.65;0.85;20
"12 11 0 BF99 55 30 34 33 33";"Aspen";409.22;0.38;0.58;20
"12 11 0 BF99 55 30 34 33 33";"Aspen";409.22;1.76;1.96;20
"12 11 0 BF99 55 30 34 33 33";"Aspen";409.22;0.59;0.79;20
"12 11 0 BF99 55 30 34 33 33";"Aspen";409.22;1.71;1.91;20
"12 11 0 BF99 55 30 34 33 33";"Aspen";409.22;1.32;1.52;20
"12 11 0 BF99 55 30 34 33 33";"Aspen";409.22;1.44;1.64;20
"12 11 0 BF99 55 30 34 33 33";"Aspen";409.22;1.4;1.6;20
"12 11 0 BF99 55 30 34 33 33";"Aspen";409.22;0.78;0.98;20
"12 11 0 BF99 55 30 34 33 33";"Aspen";409.22;0.08;0.28;20
"12 11 0 BF99 55 30 34 33 33";"Aspen";409.22;1.03;1.23;20
"12 11 0 BF99 55 30 34 33 33";"Aspen";409.22;0.67;0.87;20
"12 11 0 BF99 55 30 34 33 33";"Aspen";409.22;2.45;2.65;20
"12 11 0 BF99 55 30 34 33 33";"Aspen";409.22;1.31;1.51;20
"12 11 0 BF99 55 30 34 33 33";"Aspen";409.22;2.53;2.73;20
"12 11 0 BF99 55 30 34 33 33";"Aspen";409.22;0.61;0.81;20
"12 11 0 BF99 55 30 34 33 33";"Aspen";409.22;0.62;0.82;20
"12 11 0 BF99 55 30 34 33 33";"Aspen";409.22;1.31;1.51;20
"12 11 0 BF99 55 30 34 33 33";"Aspen";409.22;1.18;1.38;20
"12 11 0 BF99 55 30 34 33 33";"Aspen";409.22;1.85;2.05;20
"12 11 0 BF99 55 30 34 33 33";"Aspen";409.22;0.63;0.83;20
"12 11 0 BF99 55 30 34 33 33";"Aspen";409.22;0.36;0.56;20
"12 11 0 BF99 55 30 34 33 33";"Aspen";409.22;1.1;1.3;20
"12 11 0 BF99 55 30 34 33 33";"Aspen";409.22;0.13;0.33;20
"12 11 0 BF99 55 30 34 33 33";"Aspen";409.22;3.39;3.59;20
"12 11 0 BF99 55 30 34 33 33";"Aspen";409.22;1.38;1.58;20
"13 12 0 BF99 55 30 34 33 33";"Aspen";2571.72;0.76;0.96;20
"13 12 0 BF99 55 30 34 33 33";"Aspen";2571.72;1.97;2.17;20
"13 12 0 BF99 55 30 34 33 33";"Aspen";2571.72;0.18;0.38;20
"13 12 0 BF99 55 30 34 33 33";"Aspen";2571.72;1.14;1.34;20
"13 12 0 BF99 55 30 34 33 33";"Aspen";2571.72;0.41;0.61;20
"13 12 0 BF99 55 30 34 33 33";"Aspen";2571.72;2.51;2.71;20
"13 12 0 BF99 55 30 34 33 33";"Aspen";2571.72;1.74;1.94;20
"13 12 0 BF99 55 30 34 33 33";"Aspen";2571.72;0.2;0.4;20
"13 12 0 BF99 55 30 34 33 33";"Aspen";2571.72;1.41;1.61;20
"13 12 0 BF99 55 30 34 33 33";"Aspen";2571.72;0.73;0.93;20
"13 12 0 BF99 55 30 34 33 33";"Aspen";2571.72;0.48;0.68;20
"13 12 0 BF99 55 30 34 33 33";"Aspen";2571.72;1.35;1.55;20
"13 12 0 BF99 55 30 34 33 33";"Aspen";2571.72;1.3;1.5;20
"13 12 0 BF99 55 30 34 33 33";"Aspen";2571.72;0.36;0.56;20
"13 12 0 BF99 55 30 34 33 33";"Aspen";2571.72;3.64;3.84;20
"13 12 0 BF99 55 30 34 33 33";"Aspen";2571.72;3.57;3.77;20
"13 12 0 BF99 55 30 34 33 33";"Aspen";2571.72;0.81;1.01;20
"13 12 0 BF99 55 30 34 33 33";"Aspen";2571.72;2.15;2.35;20
"13 12 0 BF99 55 30 34 33 33";"Aspen";2571.72;3.64;3.84;20
"13 12 0 BF99 55 30 34 33 33";"Aspen";2571.72;0.08;0.28;20
"13 12 0 BF99 55 30 34 33 33";"Aspen";2571.72;1.12;1.32;20
"13 12 0 BF99 55 30 34 33 33";"Aspen";2571.72;0.43;0.63;20
"13 12 0 BF99 55 30 34 33 33";"Aspen";2571.72;0.47;0.67;20
"13 12 0 BF99 55 30 34 33 33";"Aspen";2571.72;3.02;3.22;20
"13 12 0 BF99 55 30 34 33 33";"Aspen";2571.72;0.45;0.65;20
"14 13 0 BF77 55 30 34 33 33";"Aspen";1132.4;2.89;3.09;20
"14 13 0 BF77 55 30 34 33 33";"Aspen";1132.4;0.92;1.12;20
"14 13 0 BF77 55 30 34 33 33";"Aspen";1132.4;1.73;1.93;20
"14 13 0 BF77 55 30 34 33 33";"Aspen";1132.4;1.63;1.83;20
"14 13 0 BF77 55 30 34 33 33";"Aspen";1132.4;0.3;0.5;20
"14 13 0 BF77 55 30 34 33 33";"Aspen";1132.4;1.22;1.42;20
"14 13 0 BF77 55 30 34 33 33";"Aspen";1132.4;0.43;0.63;20
"14 13 0 BF77 55 30 34 33 33";"Aspen";1132.4;3.01;3.21;20
"14 13 0 BF77 55 30 34 33 33";"Aspen";1132.4;0.82;1.02;20
"14 13 0 BF77 55 30 34 33 33";"Aspen";1132.4;1.49;1.69;20
"14 13 0 BF77 55 30 34 33 33";"Aspen";1132.4;1.01;1.21;20
"14 13 0 BF77 55 30 34 33 33";"Aspen";1132.4;1.96;2.16;20
"14 13 0 BF77 55 30 34 33 33";"Aspen";1132.4;1.28;1.48;20
"14 13 0 BF77 55 30 34 33 33";"Aspen";1132.4;2.29;2.49;20
"14 13 0 BF77 55 30 34 33 33";"Aspen";1132.4;1.08;1.28;20
"14 13 0 BF77 55 30 34 33 33";"Aspen";1132.4;1.04;1.24;20
"14 13 0 BF77 55 30 34 33 33";"Aspen";1132.4;0.74;0.94;20
"14 13 0 BF77 55 30 34 33 33";"Aspen";1132.4;1.03;1.23;20
"14 13 0 BF77 55 30 34 33 33";"Aspen";1132.4;0.47;0.67;20
"14 13 0 BF77 55 30 34 33 33";"Aspen";1132.4;3.85;4.05;20
"14 13 0 BF77 55 30 34 33 33";"Aspen";1132.4;2.9;3.1;20
"14 13 0 BF77 55 30 34 33 33";"Aspen";1132.4;0.35;0.55;20
"14 13 0 BF77 55 30 34 33 33";"Aspen";1132.4;0.18;0.38;20
"14 13 0 BF77 55 30 34 33 33";"Aspen";1132.4;2.28;2.48;20
"14 13 0 BF77 55 30 34 33 33";"Aspen";1132.4;2.04;2.24;20
"15 14 0 BF77 55 30 34 33 33";"Aspen";1606.2;1.02;1.22;20
"15 14 0 BF77 55 30 34 33 33";"Aspen";1606.2;1.38;1.58;20
"15 14 0 BF77 55 30 34 33 33";"Aspen";1606.2;2.49;2.69;20
"15 14 0 BF77 55 30 34 33 33";"Aspen";1606.2;3.06;3.26;20
"15 14 0 BF77 55 30 34 33 33";"Aspen";1606.2;2.28;2.48;20
"15 14 0 BF77 55 30 34 33 33";"Aspen";1606.2;1.76;1.96;20
"15 14 0 BF77 55 30 34 33 33";"Aspen";1606.2;2.43;2.63;20
"15 14 0 BF77 55 30 34 33 33";"Aspen";1606.2;2.47;2.67;20
"15 14 0 BF77 55 30 34 33 33";"Aspen";1606.2;0.46;0.66;20
"15 14 0 BF77 55 30 34 33 33";"Aspen";1606.2;1.33;1.53;20
"15 14 0 BF77 55 30 34 33 33";"Aspen";1606.2;2.84;3.04;20
"15 14 0 BF77 55 30 34 33 33";"Aspen";1606.2;1;1.2;20
"15 14 0 BF77 55 30 34 33 33";"Aspen";1606.2;3.57;3.77;20
"15 14 0 BF77 55 30 34 33 33";"Aspen";1606.2;0.76;0.96;20
"15 14 0 BF77 55 30 34 33 33";"Aspen";1606.2;1.41;1.61;20
"15 14 0 BF77 55 30 34 33 33";"Aspen";1606.2;3.27;3.47;20
"15 14 0 BF77 55 30 34 33 33";"Aspen";1606.2;2.84;3.04;20
"15 14 0 BF77 55 30 34 33 33";"Aspen";1606.2;3.79;3.99;20
"15 14 0 BF77 55 30 34 33 33";"Aspen";1606.2;2.99;3.19;20
"15 14 0 BF77 55 30 34 33 33";"Aspen";1606.2;1.44;1.64;20
"15 14 0 BF77 55 30 34 33 33";"Aspen";1606.2;0.49;0.69;20
"15 14 0 BF77 55 30 34 33 33";"Aspen";1606.2;2.37;2.57;20
"15 14 0 BF77 55 30 34 33 33";"Aspen";1606.2;0.26;0.46;20
"15 14 0 BF77 55 30 34 33 33";"Aspen";1606.2;1.81;2.01;20
"15 14 0 BF77 55 30 34 33 33";"Aspen";1606.2;-0.03;0.17;20
"16 15 0 BF77 55 30 34 33 33";"Aspen";1625.7;1.35;1.55;20
"16 15 0 BF77 55 30 34 33 33";"Aspen";1625.7;2.69;2.89;20
"16 15 0 BF77 55 30 34 33 33";"Aspen";1625.7;0.92;1.12;20
"16 15 0 BF77 55 30 34 33 33";"Aspen";1625.7;2;2.2;20
"16 15 0 BF77 55 30 34 33 33";"Aspen";1625.7;1.02;1.22;20
"16 15 0 BF77 55 30 34 33 33";"Aspen";1625.7;0.27;0.47;20
"16 15 0 BF77 55 30 34 33 33";"Aspen";1625.7;2.92;3.12;20
"16 15 0 BF77 55 30 34 33 33";"Aspen";1625.7;1.99;2.19;20
"16 15 0 BF77 55 30 34 33 33";"Aspen";1625.7;2.28;2.48;20
"16 15 0 BF77 55 30 34 33 33";"Aspen";1625.7;0.57;0.77;20
"16 15 0 BF77 55 30 34 33 33";"Aspen";1625.7;1.17;1.37;20
"16 15 0 BF77 55 30 34 33 33";"Aspen";1625.7;0.42;0.62;20
"16 15 0 BF77 55 30 34 33 33";"Aspen";1625.7;1.73;1.93;20
"16 15 0 BF77 55 30 34 33 33";"Aspen";1625.7;0.82;1.02;20
"16 15 0 BF77 55 30 34 33 33";"Aspen";1625.7;1.87;2.07;20
"16 15 0 BF77 55 30 34 33 33";"Aspen";1625.7;0.4;0.6;20
"16 15 0 BF77 55 30 34 33 33";"Aspen";1625.7;1.86;2.06;20
"16 15 0 BF77 55 30 34 33 33";"Aspen";1625.7;1.45;1.65;20
"16 15 0 BF77 55 30 34 33 33";"Aspen";1625.7;1.52;1.72;20
"16 15 0 BF77 55 30 34 33 33";"Aspen";1625.7;1.33;1.53;20
"16 15 0 BF77 55 30 34 33 33";"Aspen";1625.7;2.43;2.63;20
"16 15 0 BF77 55 30 34 33 33";"Aspen";1625.7;1.54;1.74;20
"16 15 0 BF77 55 30 34 33 33";"Aspen";1625.7;0.24;0.44;20
"16 15 0 BF77 55 30 34 33 33";"Aspen";1625.7;2.18;2.38;20
"16 15 0 BF77 55 30 34 33 33";"Aspen";1625.7;1.34;1.54;20
"17 16 0 DC48 55 30 34 33 33";"Aspen";1382;2.23;2.43;20
"17 16 0 DC48 55 30 34 33 33";"Aspen";1382;1.51;1.71;20
"17 16 0 DC48 55 30 34 33 33";"Aspen";1382;0.72;0.92;20
"17 16 0 DC48 55 30 34 33 33";"Aspen";1382;0.39;0.59;20
"17 16 0 DC48 55 30 34 33 33";"Aspen";1382;0.22;0.42;20
"17 16 0 DC48 55 30 34 33 33";"Aspen";1382;2.04;2.24;20
"17 16 0 DC48 55 30 34 33 33";"Aspen";1382;0.77;0.97;20
"17 16 0 DC48 55 30 34 33 33";"Aspen";1382;0.99;1.19;20
"17 16 0 DC48 55 30 34 33 33";"Aspen";1382;2.15;2.35;20
"17 16 0 DC48 55 30 34 33 33";"Aspen";1382;1.06;1.26;20
"17 16 0 DC48 55 30 34 33 33";"Aspen";1382;1.51;1.71;20
"17 16 0 DC48 55 30 34 33 33";"Aspen";1382;0.7;0.9;20
"17 16 0 DC48 55 30 34 33 33";"Aspen";1382;0.95;1.15;20
"17 16 0 DC48 55 30 34 33 33";"Aspen";1382;1.88;2.08;20
"17 16 0 DC48 55 30 34 33 33";"Aspen";1382;1.13;1.33;20
"17 16 0 DC48 55 30 34 33 33";"Aspen";1382;1.7;1.9;20
"17 16 0 DC48 55 30 34 33 33";"Aspen";1382;3.5;3.7;20
"17 16 0 DC48 55 30 34 33 33";"Aspen";1382;1.15;1.35;20
"17 16 0 DC48 55 30 34 33 33";"Aspen";1382;1.33;1.53;20
"17 16 0 DC48 55 30 34 33 33";"Aspen";1382;1.05;1.25;20
"17 16 0 DC48 55 30 34 33 33";"Aspen";1382;0.82;1.02;20
"17 16 0 DC48 55 30 34 33 33";"Aspen";1382;1.41;1.61;20
"17 16 0 DC48 55 30 34 33 33";"Aspen";1382;1.43;1.63;20
"17 16 0 DC48 55 30 34 33 33";"Aspen";1382;0.67;0.87;20
"17 16 0 DC48 55 30 34 33 33";"Aspen";1382;0.99;1.19;20
"18 17 0 DC48 55 30 34 33 33";"Aspen";2803.36;0.73;0.93;20
"18 17 0 DC48 55 30 34 33 33";"Aspen";2803.36;3.36;3.56;20
"18 17 0 DC48 55 30 34 33 33";"Aspen";2803.36;2.02;2.22;20
"18 17 0 DC48 55 30 34 33 33";"Aspen";2803.36;0.84;1.04;20
"18 17 0 DC48 55 30 34 33 33";"Aspen";2803.36;2.76;2.96;20
"18 17 0 DC48 55 30 34 33 33";"Aspen";2803.36;2.66;2.86;20
"18 17 0 DC48 55 30 34 33 33";"Aspen";2803.36;1.88;2.08;20
"18 17 0 DC48 55 30 34 33 33";"Aspen";2803.36;0.36;0.56;20
"18 17 0 DC48 55 30 34 33 33";"Aspen";2803.36;1.66;1.86;20
"18 17 0 DC48 55 30 34 33 33";"Aspen";2803.36;0.45;0.65;20
"18 17 0 DC48 55 30 34 33 33";"Aspen";2803.36;0.71;0.91;20
"18 17 0 DC48 55 30 34 33 33";"Aspen";2803.36;0.3;0.5;20
"18 17 0 DC48 55 30 34 33 33";"Aspen";2803.36;0.71;0.91;20
"18 17 0 DC48 55 30 34 33 33";"Aspen";2803.36;2.54;2.74;20
"18 17 0 DC48 55 30 34 33 33";"Aspen";2803.36;1.34;1.54;20
"18 17 0 DC48 55 30 34 33 33";"Aspen";2803.36;1.4;1.6;20
"18 17 0 DC48 55 30 34 33 33";"Aspen";2803.36;2.75;2.95;20
"18 17 0 DC48 55 30 34 33 33";"Aspen";2803.36;1.83;2.03;20
"18 17 0 DC48 55 30 34 33 33";"Aspen";2803.36;2.23;2.43;20
"18 17 0 DC48 55 30 34 33 33";"Aspen";2803.36;1.2;1.4;20
"18 17 0 DC48 55 30 34 33 33";"Aspen";2803.36;1.96;2.16;20
"18 17 0 DC48 55 30 34 33 33";"Aspen";2803.36;0.36;0.56;20
"18 17 0 DC48 55 30 34 33 33";"Aspen";2803.36;1.09;1.29;20
"18 17 0 DC48 55 30 34 33 33";"Aspen";2803.36;1.6;1.8;20
"18 17 0 DC48 55 30 34 33 33";"Aspen";2803.36;2.7;2.9;20
"19 18 0 DC48 55 30 34 33 33";"Aspen";1273.96;1.51;1.71;20
"19 18 0 DC48 55 30 34 33 33";"Aspen";1273.96;2.06;2.26;20
"19 18 0 DC48 55 30 34 33 33";"Aspen";1273.96;3.04;3.24;20
"19 18 0 DC48 55 30 34 33 33";"Aspen";1273.96;1.49;1.69;20
"19 18 0 DC48 55 30 34 33 33";"Aspen";1273.96;2.87;3.07;20
"19 18 0 DC48 55 30 34 33 33";"Aspen";1273.96;0.98;1.18;20
"19 18 0 DC48 55 30 34 33 33";"Aspen";1273.96;1.2;1.4;20
"19 18 0 DC48 55 30 34 33 33";"Aspen";1273.96;1.92;2.12;20
"19 18 0 DC48 55 30 34 33 33";"Aspen";1273.96;2.41;2.61;20
"19 18 0 DC48 55 30 34 33 33";"Aspen";1273.96;1.46;1.66;20
"19 18 0 DC48 55 30 34 33 33";"Aspen";1273.96;0.32;0.52;20
"19 18 0 DC48 55 30 34 33 33";"Aspen";1273.96;1.13;1.33;20
"19 18 0 DC48 55 30 34 33 33";"Aspen";1273.96;1.76;1.96;20
"19 18 0 DC48 55 30 34 33 33";"Aspen";1273.96;0.76;0.96;20
"19 18 0 DC48 55 30 34 33 33";"Aspen";1273.96;0.33;0.53;20
"19 18 0 DC48 55 30 34 33 33";"Aspen";1273.96;2.57;2.77;20
"19 18 0 DC48 55 30 34 33 33";"Aspen";1273.96;2.49;2.69;20
"19 18 0 DC48 55 30 34 33 33";"Aspen";1273.96;1.37;1.57;20
"19 18 0 DC48 55 30 34 33 33";"Aspen";1273.96;0.54;0.74;20
"19 18 0 DC48 55 30 34 33 33";"Aspen";1273.96;1.03;1.23;20
"19 18 0 DC48 55 30 34 33 33";"Aspen";1273.96;1.21;1.41;20
"19 18 0 DC48 55 30 34 33 33";"Aspen";1273.96;2.72;2.92;20
"19 18 0 DC48 55 30 34 33 33";"Aspen";1273.96;1.59;1.79;20
"19 18 0 DC48 55 30 34 33 33";"Aspen";1273.96;0.74;0.94;20
"19 18 0 DC48 55 30 34 33 33";"Aspen";1273.96;1.04;1.24;20
"20 19 0 DC48 55 30 34 33 33";"Aspen";1603.53;3.1;3.3;20
"20 19 0 DC48 55 30 34 33 33";"Aspen";1603.53;0.9;1.1;20
"20 19 0 DC48 55 30 34 33 33";"Aspen";1603.53;1.05;1.25;20
"20 19 0 DC48 55 30 34 33 33";"Aspen";1603.53;2.35;2.55;20
"20 19 0 DC48 55 30 34 33 33";"Aspen";1603.53;0.62;0.82;20
"20 19 0 DC48 55 30 34 33 33";"Aspen";1603.53;0.32;0.52;20
"20 19 0 DC48 55 30 34 33 33";"Aspen";1603.53;1.77;1.97;20
"20 19 0 DC48 55 30 34 33 33";"Aspen";1603.53;3.73;3.93;20
"20 19 0 DC48 55 30 34 33 33";"Aspen";1603.53;0.31;0.51;20
"20 19 0 DC48 55 30 34 33 33";"Aspen";1603.53;1.05;1.25;20
"20 19 0 DC48 55 30 34 33 33";"Aspen";1603.53;1.86;2.06;20
"20 19 0 DC48 55 30 34 33 33";"Aspen";1603.53;3.54;3.74;20
"20 19 0 DC48 55 30 34 33 33";"Aspen";1603.53;2.46;2.66;20
"20 19 0 DC48 55 30 34 33 33";"Aspen";1603.53;0.18;0.38;20
"20 19 0 DC48 55 30 34 33 33";"Aspen";1603.53;1.24;1.44;20
"20 19 0 DC48 55 30 34 33 33";"Aspen";1603.53;1.06;1.26;20
"20 19 0 DC48 55 30 34 33 33";"Aspen";1603.53;0.75;0.95;20
"20 19 0 DC48 55 30 34 33 33";"Aspen";1603.53;1.4;1.6;20
"20 19 0 DC48 55 30 34 33 33";"Aspen";1603.53;3.69;3.89;20
"20 19 0 DC48 55 30 34 33 33";"Aspen";1603.53;0.54;0.74;20
"20 19 0 DC48 55 30 34 33 33";"Aspen";1603.53;0.56;0.76;20
"20 19 0 DC48 55 30 34 33 33";"Aspen";1603.53;0.2;0.4;20
"20 19 0 DC48 55 30 34 33 33";"Aspen";1603.53;2.98;3.18;20
"20 19 0 DC48 55 30 34 33 33";"Aspen";1603.53;2.6;2.8;20
"20 19 0 DC48 55 30 34 33 33";"Aspen";1603.53;1.78;1.98;20
"21 20 0 DC48 55 30 34 33 33";"Aspen";2611.1;2.65;2.85;20
"21 20 0 DC48 55 30 34 33 33";"Aspen";2611.1;2.19;2.39;20
"21 20 0 DC48 55 30 34 33 33";"Aspen";2611.1;0.5;0.7;20
"21 20 0 DC48 55 30 34 33 33";"Aspen";2611.1;0.71;0.91;20
"21 20 0 DC48 55 30 34 33 33";"Aspen";2611.1;0.34;0.54;20
"21 20 0 DC48 55 30 34 33 33";"Aspen";2611.1;3.15;3.35;20
"21 20 0 DC48 55 30 34 33 33";"Aspen";2611.1;0.31;0.51;20
"21 20 0 DC48 55 30 34 33 33";"Aspen";2611.1;1.28;1.48;20
"21 20 0 DC48 55 30 34 33 33";"Aspen";2611.1;0.82;1.02;20
"21 20 0 DC48 55 30 34 33 33";"Aspen";2611.1;3.46;3.66;20
"21 20 0 DC48 55 30 34 33 33";"Aspen";2611.1;0.72;0.92;20
"21 20 0 DC48 55 30 34 33 33";"Aspen";2611.1;2.16;2.36;20
"21 20 0 DC48 55 30 34 33 33";"Aspen";2611.1;1.51;1.71;20
"21 20 0 DC48 55 30 34 33 33";"Aspen";2611.1;1.69;1.89;20
"21 20 0 DC48 55 30 34 33 33";"Aspen";2611.1;0.89;1.09;20
"21 20 0 DC48 55 30 34 33 33";"Aspen";2611.1;0.61;0.81;20
"21 20 0 DC48 55 30 34 33 33";"Aspen";2611.1;1.59;1.79;20
"21 20 0 DC48 55 30 34 33 33";"Aspen";2611.1;1.57;1.77;20
"21 20 0 DC48 55 30 34 33 33";"Aspen";2611.1;-0.08;0.12;20
"21 20 0 DC48 55 30 34 33 33";"Aspen";2611.1;1.77;1.97;20
"21 20 0 DC48 55 30 34 33 33";"Aspen";2611.1;0.32;0.52;20
"21 20 0 DC48 55 30 34 33 33";"Aspen";2611.1;1.29;1.49;20
"21 20 0 DC48 55 30 34 33 33";"Aspen";2611.1;2.9;3.1;20
"21 20 0 DC48 55 30 34 33 33";"Aspen";2611.1;3;3.2;20
"21 20 0 DC48 55 30 34 33 33";"Aspen";2611.1;2.21;2.41;20
"22 0 1 DC48 55 30 34 33 33";"Aspen";439.77;0.95;1.15;20
"22 0 1 DC48 55 30 34 33 33";"Aspen";439.77;0.32;0.52;20
"22 0 1 DC48 55 30 34 33 33";"Aspen";439.77;1.44;1.64;20
"22 0 1 DC48 55 30 34 33 33";"Aspen";439.77;2.03;2.23;20
"22 0 1 DC48 55 30 34 33 33";"Aspen";439.77;1.14;1.34;20
"22 0 1 DC48 55 30 34 33 33";"Aspen";439.77;1.85;2.05;20
"22 0 1 DC48 55 30 34 33 33";"Aspen";439.77;1.52;1.72;20
"22 0 1 DC48 55 30 34 33 33";"Aspen";439.77;0.74;0.94;20
"22 0 1 DC48 55 30 34 33 33";"Aspen";439.77;2.46;2.66;20
"22 0 1 DC48 55 30 34 33 33";"Aspen";439.77;1.67;1.87;20
"22 0 1 DC48 55 30 34 33 33";"Aspen";439.77;1.34;1.54;20
"22 0 1 DC48 55 30 34 33 33";"Aspen";439.77;0.11;0.31;20
"22 0 1 DC48 55 30 34 33 33";"Aspen";439.77;1.35;1.55;20
"22 0 1 DC48 55 30 34 33 33";"Aspen";439.77;0.89;1.09;20
"22 0 1 DC48 55 30 34 33 33";"Aspen";439.77;0.02;0.22;20
"22 0 1 DC48 55 30 34 33 33";"Aspen";439.77;1.31;1.51;20
"22 0 1 DC48 55 30 34 33 33";"Aspen";439.77;2.08;2.28;20
"22 0 1 DC48 55 30 34 33 33";"Aspen";439.77;2.22;2.42;20
"22 0 1 DC48 55 30 34 33 33";"Aspen";439.77;2.23;2.43;20
"22 0 1 DC48 55 30 34 33 33";"Aspen";439.77;1.79;1.99;20
"22 0 1 DC48 55 30 34 33 33";"Aspen";439.77;1.44;1.64;20
"22 0 1 DC48 55 30 34 33 33";"Aspen";439.77;2.23;2.43;20
"22 0 1 DC48 55 30 34 33 33";"Aspen";439.77;3.01;3.21;20
"22 0 1 DC48 55 30 34 33 33";"Aspen";439.77;3.8;4;20
"22 0 1 DC48 55 30 34 33 33";"Aspen";439.77;1.19;1.39;20
"23 1 1 DC48 55 30 34 33 33";"Aspen";1178.17;0.27;0.47;20
"23 1 1 DC48 55 30 34 33 33";"Aspen";1178.17;3.03;3.23;20
"23 1 1 DC48 55 30 34 33 33";"Aspen";1178.17;0.86;1.06;20
"23 1 1 DC48 55 30 34 33 33";"Aspen";1178.17;1.22;1.42;20
"23 1 1 DC48 55 30 34 33 33";"Aspen";1178.17;2.08;2.28;20
"23 1 1 DC48 55 30 34 33 33";"Aspen";1178.17;1.25;1.45;20
"23 1 1 DC48 55 30 34 33 33";"Aspen";1178.17;0.06;0.26;20
"23 1 1 DC48 55 30 34 33 33";"Aspen";1178.17;-0.08;0.12;20
"23 1 1 DC48 55 30 34 33 33";"Aspen";1178.17;2.68;2.88;20
"23 1 1 DC48 55 30 34 33 33";"Aspen";1178.17;1.66;1.86;20
"23 1 1 DC48 55 30 34 33 33";"Aspen";1178.17;1.01;1.21;20
"23 1 1 DC48 55 30 34 33 33";"Aspen";1178.17;2.8;3;20
"23 1 1 DC48 55 30 34 33 33";"Aspen";1178.17;1.27;1.47;20
"23 1 1 DC48 55 30 34 33 33";"Aspen";1178.17;1.31;1.51;20
"23 1 1 DC48 55 30 34 33 33";"Aspen";1178.17;0.09;0.29;20
"23 1 1 DC48 55 30 34 33 33";"Aspen";1178.17;2.46;2.66;20
"23 1 1 DC48 55 30 34 33 33";"Aspen";1178.17;2.15;2.35;20
"23 1 1 DC48 55 30 34 33 33";"Aspen";1178.17;1.76;1.96;20
"23 1 1 DC48 55 30 34 33 33";"Aspen";1178.17;1.49;1.69;20
"23 1 1 DC48 55 30 34 33 33";"Aspen";1178.17;0.42;0.62;20
"23 1 1 DC48 55 30 34 33 33";"Aspen";1178.17;0.17;0.37;20
"23 1 1 DC48 55 30 34 33 33";"Aspen";1178.17;2.77;2.97;20
"23 1 1 DC48 55 30 34 33 33";"Aspen";1178.17;2.16;2.36;20
"23 1 1 DC48 55 30 34 33 33";"Aspen";1178.17;0.69;0.89;20
"23 1 1 DC48 55 30 34 33 33";"Aspen";1178.17;3.34;3.54;20
"24 2 1 DC48 55 30 34 33 33";"Aspen";667.41;2.46;2.66;20
"24 2 1 DC48 55 30 34 33 33";"Aspen";667.41;0.89;1.09;20
"24 2 1 DC48 55 30 34 33 33";"Aspen";667.41;1.71;1.91;20
"24 2 1 DC48 55 30 34 33 33";"Aspen";667.41;0.82;1.02;20
"24 2 1 DC48 55 30 34 33 33";"Aspen";667.41;1.49;1.69;20
"24 2 1 DC48 55 30 34 33 33";"Aspen";667.41;1.47;1.67;20
"24 2 1 DC48 55 30 34 33 33";"Aspen";667.41;3.2;3.4;20
"24 2 1 DC48 55 30 34 33 33";"Aspen";667.41;0.91;1.11;20
"24 2 1 DC48 55 30 34 33 33";"Aspen";667.41;0.83;1.03;20
"24 2 1 DC48 55 30 34 33 33";"Aspen";667.41;3.16;3.36;20
"24 2 1 DC48 55 30 34 33 33";"Aspen";667.41;0.4;0.6;20
"24 2 1 DC48 55 30 34 33 33";"Aspen";667.41;1.51;1.71;20
"24 2 1 DC48 55 30 34 33 33";"Aspen";667.41;0.84;1.04;20
"24 2 1 DC48 55 30 34 33 33";"Aspen";667.41;2.51;2.71;20
"24 2 1 DC48 55 30 34 33 33";"Aspen";667.41;0.06;0.26;20
"24 2 1 DC48 55 30 34 33 33";"Aspen";667.41;0.43;0.63;20
"24 2 1 DC48 55 30 34 33 33";"Aspen";667.41;1.09;1.29;20
"24 2 1 DC48 55 30 34 33 33";"Aspen";667.41;2.26;2.46;20
"24 2 1 DC48 55 30 34 33 33";"Aspen";667.41;2.43;2.63;20
"24 2 1 DC48 55 30 34 33 33";"Aspen";667.41;2.09;2.29;20
"24 2 1 DC48 55 30 34 33 33";"Aspen";667.41;0.76;0.96;20
"24 2 1 DC48 55 30 34 33 33";"Aspen";667.41;2.87;3.07;20
"24 2 1 DC48 55 30 34 33 33";"Aspen";667.41;0.66;0.86;20
"24 2 1 DC48 55 30 34 33 33";"Aspen";667.41;1.02;1.22;20
"24 2 1 DC48 55 30 34 33 33";"Aspen";667.41;0.85;1.05;20
"25 3 1 DC48 55 30 34 33 33";"Aspen";1694.15;1.81;2.01;20
"25 3 1 DC48 55 30 34 33 33";"Aspen";1694.15;1.4;1.6;20
"25 3 1 DC48 55 30 34 33 33";"Aspen";1694.15;0.59;0.79;20
"25 3 1 DC48 55 30 34 33 33";"Aspen";1694.15;1.99;2.19;20
"25 3 1 DC48 55 30 34 33 33";"Aspen";1694.15;3.19;3.39;20
"25 3 1 DC48 55 30 34 33 33";"Aspen";1694.15;2.12;2.32;20
"25 3 1 DC48 55 30 34 33 33";"Aspen";1694.15;0.12;0.32;20
"25 3 1 DC48 55 30 34 33 33";"Aspen";1694.15;1.51;1.71;20
"25 3 1 DC48 55 30 34 33 33";"Aspen";1694.15;0.15;0.35;20
"25 3 1 DC48 55 30 34 33 33";"Aspen";1694.15;0.48;0.68;20
"25 3 1 DC48 55 30 34 33 33";"Aspen";1694.15;0.6;0.8;20
"25 3 1 DC48 55 30 34 33 33";"Aspen";1694.15;1.76;1.96;20
"25 3 1 DC48 55 30 34 33 33";"Aspen";1694.15;2.45;2.65;20
"25 3 1 DC48 55 30 34 33 33";"Aspen";1694.15;0.72;0.92;20
"25 3 1 DC48 55 30 34 33 33";"Aspen";1694.15;2.04;2.24;20
"25 3 1 DC48 55 30 34 33 33";"Aspen";1694.15;3.15;3.35;20
"25 3 1 DC48 55 30 34 33 33";"Aspen";1694.15;1.61;1.81;20
"25 3 1 DC48 55 30 34 33 33";"Aspen";1694.15;2.34;2.54;20
"25 3 1 DC48 55 30 34 33 33";"Aspen";1694.15;1.16;1.36;20
"25 3 1 DC48 55 30 34 33 33";"Aspen";1694.15;1.1;1.3;20
"25 3 1 DC48 55 30 34 33 33";"Aspen";1694.15;0.45;0.65;20
"25 3 1 DC48 55 30 34 33 33";"Aspen";1694.15;0.49;0.69;20
"25 3 1 DC48 55 30 34 33 33";"Aspen";1694.15;2.22;2.42;20
"25 3 1 DC48 55 30 34 33 33";"Aspen";1694.15;0.94;1.14;20
"25 3 1 DC48 55 30 34 33 33";"Aspen";1694.15;3.76;3.96;20
"26 4 1 DC48 55 30 34 33 33";"Aspen";2644.74;1.93;2.13;20
"26 4 1 DC48 55 30 34 33 33";"Aspen";2644.74;1.78;1.98;20
"26 4 1 DC48 55 30 34 33 33";"Aspen";2644.74;2.33;2.53;20
"26 4 1 DC48 55 30 34 33 33";"Aspen";2644.74;3.86;4.06;20
"26 4 1 DC48 55 30 34 33 33";"Aspen";2644.74;2.73;2.93;20
"26 4 1 DC48 55 30 34 33 33";"Aspen";2644.74;1.43;1.63;20
"26 4 1 DC48 55 30 34 33 33";"Aspen";2644.74;1.66;1.86;20
"26 4 1 DC48 55 30 34 33 33";"Aspen";2644.74;0.16;0.36;20
"26 4 1 DC48 55 30 34 33 33";"Aspen";2644.74;2.25;2.45;20
"26 4 1 DC48 55 30 34 33 33";"Aspen";2644.74;0.78;0.98;20
"26 4 1 DC48 55 30 34 33 33";"Aspen";2644.74;1.17;1.37;20
"26 4 1 DC48 55 30 34 33 33";"Aspen";2644.74;1.73;1.93;20
"26 4 1 DC48 55 30 34 33 33";"Aspen";2644.74;0.84;1.04;20
"26 4 1 DC48 55 30 34 33 33";"Aspen";2644.74;1.41;1.61;20
"26 4 1 DC48 55 30 34 33 33";"Aspen";2644.74;1.85;2.05;20
"26 4 1 DC48 55 30 34 33 33";"Aspen";2644.74;0.39;0.59;20
"26 4 1 DC48 55 30 34 33 33";"Aspen";2644.74;0.97;1.17;20
"26 4 1 DC48 55 30 34 33 33";"Aspen";2644.74;1.94;2.14;20
"26 4 1 DC48 55 30 34 33 33";"Aspen";2644.74;2.51;2.71;20
"26 4 1 DC48 55 30 34 33 33";"Aspen";2644.74;0.57;0.77;20
"26 4 1 DC48 55 30 34 33 33";"Aspen";2644.74;1.26;1.46;20
"26 4 1 DC48 55 30 34 33 33";"Aspen";2644.74;0.93;1.13;20
"26 4 1 DC48 55 30 34 33 33";"Aspen";2644.74;2.7;2.9;20
"26 4 1 DC48 55 30 34 33 33";"Aspen";2644.74;0.95;1.15;20
"26 4 1 DC48 55 30 34 33 33";"Aspen";2644.74;0.75;0.95;20
"27 5 1 DC48 55 30 34 33 33";"Aspen";1364.87;0.27;0.47;20
"27 5 1 DC48 55 30 34 33 33";"Aspen";1364.87;0.35;0.55;20
"27 5 1 DC48 55 30 34 33 33";"Aspen";1364.87;1.51;1.71;20
"27 5 1 DC48 55 30 34 33 33";"Aspen";1364.87;0.86;1.06;20
"27 5 1 DC48 55 30 34 33 33";"Aspen";1364.87;1.7;1.9;20
"27 5 1 DC48 55 30 34 33 33";"Aspen";1364.87;1.59;1.79;20
"27 5 1 DC48 55 30 34 33 33";"Aspen";1364.87;0.4;0.6;20
"27 5 1 DC48 55 30 34 33 33";"Aspen";1364.87;0.88;1.08;20
"27 5 1 DC48 55 30 34 33 33";"Aspen";1364.87;0.37;0.57;20
"27 5 1 DC48 55 30 34 33 33";"Aspen";1364.87;1.54;1.74;20
"27 5 1 DC48 55 30 34 33 33";"Aspen";1364.87;2.12;2.32;20
"27 5 1 DC48 55 30 34 33 33";"Aspen";1364.87;0.02;0.22;20
"27 5 1 DC48 55 30 34 33 33";"Aspen";1364.87;1.62;1.82;20
"27 5 1 DC48 55 30 34 33 33";"Aspen";1364.87;0.21;0.41;20
"27 5 1 DC48 55 30 34 33 33";"Aspen";1364.87;1.26;1.46;20
"27 5 1 DC48 55 30 34 33 33";"Aspen";1364.87;2.75;2.95;20
"27 5 1 DC48 55 30 34 33 33";"Aspen";1364.87;0.83;1.03;20
"27 5 1 DC48 55 30 34 33 33";"Aspen";1364.87;0.24;0.44;20
"27 5 1 DC48 55 30 34 33 33";"Aspen";1364.87;0.81;1.01;20
"27 5 1 DC48 55 30 34 33 33";"Aspen";1364.87;0.38;0.58;20
"27 5 1 DC48 55 30 34 33 33";"Aspen";1364.87;2.47;2.67;20
"27 5 1 DC48 55 30 34 33 33";"Aspen";1364.87;0.1;0.3;20
"27 5 1 DC48 55 30 34 33 33";"Aspen";1364.87;0.55;0.75;20
"27 5 1 DC48 55 30 34 33 33";"Aspen";1364.87;0.06;0.26;20
"27 5 1 DC48 55 30 34 33 33";"Aspen";1364.87;0.76;0.96;20
"28 6 1 DC52 55 30 34 33 33";"Aspen";1332.13;2.4;2.6;20
"28 6 1 DC52 55 30 34 33 33";"Aspen";1332.13;0.91;1.11;20
"28 6 1 DC52 55 30 34 33 33";"Aspen";1332.13;-0.08;0.12;20
"28 6 1 DC52 55 30 34 33 33";"Aspen";1332.13;0.01;0.21;20
"28 6 1 DC52 55 30 34 33 33";"Aspen";1332.13;3.14;3.34;20
"28 6 1 DC52 55 30 34 33 33";"Aspen";1332.13;0.31;0.51;20
"28 6 1 DC52 55 30 34 33 33";"Aspen";1332.13;2.67;2.87;20
"28 6 1 DC52 55 30 34 33 33";"Aspen";1332.13;1.04;1.24;20
"28 6 1 DC52 55 30 34 33 33";"Aspen";1332.13;2.42;2.62;20
"28 6 1 DC52 55 30 34 33 33";"Aspen";1332.13;2.7;2.9;20
"28 6 1 DC52 55 30 34 33 33";"Aspen";1332.13;2.61;2.81;20
"28 6 1 DC52 55 30 34 33 33";"Aspen";1332.13;2.69;2.89;20
"28 6 1 DC52 55 30 34 33 33";"Aspen";1332.13;0.98;1.18;20
"28 6 1 DC52 55 30 34 33 33";"Aspen";1332.13;2.55;2.75;20
"28 6 1 DC52 55 30 34 33 33";"Aspen";1332.13;2.35;2.55;20
"28 6 1 DC52 55 30 34 33 33";"Aspen";1332.13;1.7;1.9;20
"28 6 1 DC52 55 30 34 33 33";"Aspen";1332.13;2.97;3.17;20
"28 6 1 DC52 55 30 34 33 33";"Aspen";1332.13;0.28;0.48;20
"28 6 1 DC52 55 30 34 33 33";"Aspen";1332.13;1.75;1.95;20
"28 6 1 DC52 55 30 34 33 33";"Aspen";1332.13;0.15;0.35;20
"28 6 1 DC52 55 30 34 33 33";"Aspen";1332.13;0.51;0.71;20
"28 6 1 DC52 55 30 34 33 33";"Aspen";1332.13;1.03;1.23;20
"28 6 1 DC52 55 30 34 33 33";"Aspen";1332.13;0.45;0.65;20
"28 6 1 DC52 55 30 34 33 33";"Aspen";1332.13;0.23;0.43;20
"28 6 1 DC52 55 30 34 33 33";"Aspen";1332.13;1.49;1.69;20
"29 7 1 DC52 55 30 34 33 33";"Aspen";2779.67;0.12;0.32;20
"29 7 1 DC52 55 30 34 33 33";"Aspen";2779.67;0.88;1.08;20
"29 7 1 DC52 55 30 34 33 33";"Aspen";2779.67;2.01;2.21;20
"29 7 1 DC52 55 30 34 33 33";"Aspen";2779.67;0.5;0.7;20
"29 7 1 DC52 55 30 34 33 33";"Aspen";2779.67;0.77;0.97;20
"29 7 1 DC52 55 30 34 33 33";"Aspen";2779.67;2.23;2.43;20
"29 7 1 DC52 55 30 34 33 33";"Aspen";2779.67;0.84;1.04;20
"29 7 1 DC52 55 30 34 33 33";"Aspen";2779.67;1.76;1.96;20
"29 7 1 DC52 55 30 34 33 33";"Aspen";2779.67;3.11;3.31;20
"29 7 1 DC52 55 30 34 33 33";"Aspen";2779.67;2.34;2.54;20
"29 7 1 DC52 55 30 34 33 33";"Aspen";2779.67;1.89;2.09;20
"29 7 1 DC52 55 30 34 33 33";"Aspen";2779.67;0.61;0.81;20
"29 7 1 DC52 55 30 34 33 33";"Aspen";2779.67;1.43;1.63;20
"29 7 1 DC52 55 30 34 33 33";"Aspen";2779.67;1.75;1.95;20
"29 7 1 DC52 55 30 34 33 33";"Aspen";2779.67;0.58;0.78;20
"29 7 1 DC52 55 30 34 33 33";"Aspen";2779.67;1.7;1.9;20
"29 7 1 DC52 55 30 34 33 33";"Aspen";2779.67;0.05;0.25;20
"29 7 1 DC52 55 30 34 33 33";"Aspen";2779.67;3.78;3.98;20
"29 7 1 DC52 55 30 34 33 33";"Aspen";2779.67;1.35;1.55;20
"29 7 1 DC52 55 30 34 33 33";"Aspen";2779.67;1.93;2.13;20
"29 7 1 DC52 55 30 34 33 33";"Aspen";2779.67;1.02;1.22;20
"29 7 1 DC52 55 30 34 33 33";"Aspen";2779.67;1.03;1.23;20
"29 7 1 DC52 55 30 34 33 33";"Aspen";2779.67;1.18;1.38;20
"29 7 1 DC52 55 30 34 33 33";"Aspen";2779.67;0.82;1.02;20
"29 7 1 DC52 55 30 34 33 33";"Aspen";2779.67;0.92;1.12;20
"30 8 1 DC52 55 30 34 33 33";"Aspen";2485.93;1.45;1.65;20
"30 8 1 DC52 55 30 34 33 33";"Aspen";2485.93;1.31;1.51;20
"30 8 1 DC52 55 30 34 33 33";"Aspen";2485.93;1.04;1.24;20
"30 8 1 DC52 55 30 34 33 33";"Aspen";2485.93;0.83;1.03;20
"30 8 1 DC52 55 30 34 33 33";"Aspen";2485.93;3.76;3.96;20
"30 8 1 DC52 55 30 34 33 33";"Aspen";2485.93;0.25;0.45;20
"30 8 1 DC52 55 30 34 33 33";"Aspen";2485.93;1.07;1.27;20
"30 8 1 DC52 55 30 34 33 33";"Aspen";2485.93;0.79;0.99;20
"30 8 1 DC52 55 30 34 33 33";"Aspen";2485.93;1.01;1.21;20
"30 8 1 DC52 55 30 34 33 33";"Aspen";2485.93;1.62;1.82;20
"30 8 1 DC52 55 30 34 33 33";"Aspen";2485.93;0.72;0.92;20
"30 8 1 DC52 55 30 34 33 33";"Aspen";2485.93;3.19;3.39;20
"30 8 1 DC52 55 30 34 33 33";"Aspen";2485.93;2.52;2.72;20
"30 8 1 DC52 55 30 34 33 33";"Aspen";2485.93;0.55;0.75;20
"30 8 1 DC52 55 30 34 33 33";"Aspen";2485.93;1.4;1.6;20
"30 8 1 DC52 55 30 34 33 33";"Aspen";2485.93;-0.02;0.18;20
"30 8 1 DC52 55 30 34 33 33";"Aspen";2485.93;1.57;1.77;20
"30 8 1 DC52 55 30 34 33 33";"Aspen";2485.93;1.95;2.15;20
"30 8 1 DC52 55 30 34 33 33";"Aspen";2485.93;0.87;1.07;20
"30 8 1 DC52 55 30 34 33 33";"Aspen";2485.93;2.25;2.45;20
"30 8 1 DC52 55 30 34 33 33";"Aspen";2485.93;3.23;3.43;20
"30 8 1 DC52 55 30 34 33 33";"Aspen";2485.93;1.65;1.85;20
"30 8 1 DC52 55 30 34 33 33";"Aspen";2485.93;0.6;0.8;20
"30 8 1 DC52 55 30 34 33 33";"Aspen";2485.93;0.24;0.44;20
"30 8 1 DC52 55 30 34 33 33";"Aspen";2485.93;2.1;2.3;20
"31 9 1 DC52 55 30 34 33 33";"Aspen";884.13;0.42;0.62;20
"31 9 1 DC52 55 30 34 33 33";"Aspen";884.13;0.83;1.03;20
"31 9 1 DC52 55 30 34 33 33";"Aspen";884.13;2.22;2.42;20
"31 9 1 DC52 55 30 34 33 33";"Aspen";884.13;0.49;0.69;20
"31 9 1 DC52 55 30 34 33 33";"Aspen";884.13;0.49;0.69;20
"31 9 1 DC52 55 30 34 33 33";"Aspen";884.13;1.96;2.16;20
"31 9 1 DC52 55 30 34 33 33";"Aspen";884.13;0.15;0.35;20
"31 9 1 DC52 55 30 34 33 33";"Aspen";884.13;0.06;0.26;20
"31 9 1 DC52 55 30 34 33 33";"Aspen";884.13;2.83;3.03;20
"31 9 1 DC52 55 30 34 33 33";"Aspen";884.13;3.7;3.9;20
"31 9 1 DC52 55 30 34 33 33";"Aspen";884.13;2.79;2.99;20
"31 9 1 DC52 55 30 34 33 33";"Aspen";884.13;2;2.2;20
"31 9 1 DC52 55 30 34 33 33";"Aspen";884.13;1.26;1.46;20
"31 9 1 DC52 55 30 34 33 33";"Aspen";884.13;0.08;0.28;20
"31 9 1 DC52 55 30 34 33 33";"Aspen";884.13;1.59;1.79;20
"31 9 1 DC52 55 30 34 33 33";"Aspen";884.13;1.25;1.45;20
"31 9 1 DC52 55 30 34 33 33";"Aspen";884.13;3.58;3.78;20
"31 9 1 DC52 55 30 34 33 33";"Aspen";884.13;0.63;0.83;20
"31 9 1 DC52 55 30 34 33 33";"Aspen";884.13;2.64;2.84;20
"31 9 1 DC52 55 30 34 33 33";"Aspen";884.13;1.08;1.28;20
"31 9 1 DC52 55 30 34 33 33";"Aspen";884.13;0.1;0.3;20
"31 9 1 DC52 55 30 34 33 33";"Aspen";884.13;2.67;2.87;20
"31 9 1 DC52 55 30 34 33 33";"Aspen";884.13;3.77;3.97;20
"31 9 1 DC52 55 30 34 33 33";"Aspen";884.13;1.2;1.4;20
"31 9 1 DC52 55 30 34 33 33";"Aspen";884.13;1.45;1.65;20
"32 10 1 DC52 55 30 34 33 33";"Aspen";2792.93;0.8;1;20
"32 10 1 DC52 55 30 34 33 33";"Aspen";2792.93;0.71;0.91;20
"32 10 1 DC52 55 30 34 33 33";"Aspen";2792.93;1.07;1.27;20
"32 10 1 DC52 55 30 34 33 33";"Aspen";2792.93;0.56;0.76;20
"32 10 1 DC52 55 30 34 33 33";"Aspen";2792.93;1.6;1.8;20
"32 10 1 DC52 55 30 34 33 33";"Aspen";2792.93;0.72;0.92;20
"32 10 1 DC52 55 30 34 33 33";"Aspen";2792.93;2.21;2.41;20
"32 10 1 DC52 55 30 34 33 33";"Aspen";2792.93;0.78;0.98;20
"32 10 1 DC52 55 30 34 33 33";"Aspen";2792.93;1.61;1.81;20
"32 10 1 DC52 55 30 34 33 33";"Aspen";2792.93;1.22;1.42;20
"32 10 1 DC52 55 30 34 33 33";"Aspen";2792.93;1.09;1.29;20
"32 10 1 DC52 55 30 34 33 33";"Aspen";2792.93;2.98;3.18;20
"32 10 1 DC52 55 30 34 33 33";"Aspen";2792.93;0.48;0.68;20
"32 10 1 DC52 55 30 34 33 33";"Aspen";2792.93;0.29;0.49;20
"32 10 1 DC52 55 30 34 33 33";"Aspen";2792.93;0.48;0.68;20
"32 10 1 DC52 55 30 34 33 33";"Aspen";2792.93;-0.06;0.14;20
"32 10 1 DC52 55 30 34 33 33";"Aspen";2792.93;0.74;0.94;20
"32 10 1 DC52 55 30 34 33 33";"Aspen";2792.93;0.95;1.15;20
"32 10 1 DC52 55 30 34 33 33";"Aspen";2792.93;3.39;3.59;20
"32 10 1 DC52 55 30 34 33 33";"Aspen";2792.93;2.69;2.89;20
"32 10 1 DC52 55 30 34 33 33";"Aspen";2792.93;0.53;0.73;20
"32 10 1 DC52 55 30 34 33 33";"Aspen";2792.93;1.32;1.52;20
"32 10 1 DC52 55 30 34 33 33";"Aspen";2792.93;0.73;0.93;20
"32 10 1 DC52 55 30 34 33 33";"Aspen";2792.93;1.89;2.09;20
"32 10 1 DC52 55 30 34 33 33";"Aspen";2792.93;0.72;0.92;20
"33 11 1 DC52 55 30 34 33 33";"Aspen";1547.85;1.2;1.4;20
"33 11 1 DC52 55 30 34 33 33";"Aspen";1547.85;0.13;0.33;20
"33 11 1 DC52 55 30 34 33 33";"Aspen";1547.85;2.27;2.47;20
"33 11 1 DC52 55 30 34 33 33";"Aspen";1547.85;2.1;2.3;20
"33 11 1 DC52 55 30 34 33 33";"Aspen";1547.85;0.93;1.13;20
"33 11 1 DC52 55 30 34 33 33";"Aspen";1547.85;1.25;1.45;20
"33 11 1 DC52 55 30 34 33 33";"Aspen";1547.85;0.63;0.83;20
"33 11 1 DC52 55 30 34 33 33";"Aspen";1547.85;0.38;0.58;20
"33 11 1 DC52 55 30 34 33 33";"Aspen";1547.85;2.4;2.6;20
"33 11 1 DC52 55 30 34 33 33";"Aspen";1547.85;1.01;1.21;20
"33 11 1 DC52 55 30 34 33 33";"Aspen";1547.85;2.32;2.52;20
"33 11 1 DC52 55 30 34 33 33";"Aspen";1547.85;1.21;1.41;20
"33 11 1 DC52 55 30 34 33 33";"Aspen";1547.85;0.96;1.16;20
"33 11 1 DC52 55 30 34 33 33";"Aspen";1547.85;1.1;1.3;20
"33 11 1 DC52 55 30 34 33 33";"Aspen";1547.85;2.65;2.85;20
"33 11 1 DC52 55 30 34 33 33";"Aspen";1547.85;2.22;2.42;20
"33 11 1 DC52 55 30 34 33 33";"Aspen";1547.85;1.55;1.75;20
"33 11 1 DC52 55 30 34 33 33";"Aspen";1547.85;0.91;1.11;20
"33 11 1 DC52 55 30 34 33 33";"Aspen";1547.85;1.85;2.05;20
"33 11 1 DC52 55 30 34 33 33";"Aspen";1547.85;1.42;1.62;20
"33 11 1 DC52 55 30 34 33 33";"Aspen";1547.85;2.77;2.97;20
"33 11 1 DC52 55 30 34 33 33";"Aspen";1547.85;0.29;0.49;20
"33 11 1 DC52 55 30 34 33 33";"Aspen";1547.85;1.81;2.01;20
"33 11 1 DC52 55 30 34 33 33";"Aspen";1547.85;2.87;3.07;20
"33 11 1 DC52 55 30 34 33 33";"Aspen";1547.85;1.92;2.12;20
"34 12 1 DC55 55 30 34 33 33";"Aspen";2614.49;2.67;2.87;20
"34 12 1 DC55 55 30 34 33 33";"Aspen";2614.49;2.23;2.43;20
"34 12 1 DC55 55 30 34 33 33";"Aspen";2614.49;1.33;1.53;20
"34 12 1 DC55 55 30 34 33 33";"Aspen";2614.49;0.33;0.53;20
"34 12 1 DC55 55 30 34 33 33";"Aspen";2614.49;0.35;0.55;20
"34 12 1 DC55 55 30 34 33 33";"Aspen";2614.49;3.36;3.56;20
"34 12 1 DC55 55 30 34 33 33";"Aspen";2614.49;2.83;3.03;20
"34 12 1 DC55 55 30 34 33 33";"Aspen";2614.49;0.95;1.15;20
"34 12 1 DC55 55 30 34 33 33";"Aspen";2614.49;3.58;3.78;20
"34 12 1 DC55 55 30 34 33 33";"Aspen";2614.49;0.89;1.09;20
"34 12 1 DC55 55 30 34 33 33";"Aspen";2614.49;3.76;3.96;20
"34 12 1 DC55 55 30 34 33 33";"Aspen";2614.49;0.59;0.79;20
"34 12 1 DC55 55 30 34 33 33";"Aspen";2614.49;1.79;1.99;20
"34 12 1 DC55 55 30 34 33 33";"Aspen";2614.49;3.49;3.69;20
"34 12 1 DC55 55 30 34 33 33";"Aspen";2614.49;1.01;1.21;20
"34 12 1 DC55 55 30 34 33 33";"Aspen";2614.49;1.36;1.56;20
"34 12 1 DC55 55 30 34 33 33";"Aspen";2614.49;0.57;0.77;20
"34 12 1 DC55 55 30 34 33 33";"Aspen";2614.49;1.94;2.14;20
"34 12 1 DC55 55 30 34 33 33";"Aspen";2614.49;1.61;1.81;20
"34 12 1 DC55 55 30 34 33 33";"Aspen";2614.49;1.72;1.92;20
"34 12 1 DC55 55 30 34 33 33";"Aspen";2614.49;0.88;1.08;20
"34 12 1 DC55 55 30 34 33 33";"Aspen";2614.49;1.8;2;20
"34 12 1 DC55 55 30 34 33 33";"Aspen";2614.49;0.6;0.8;20
"34 12 1 DC55 55 30 34 33 33";"Aspen";2614.49;0.27;0.47;20
"34 12 1 DC55 55 30 34 33 33";"Aspen";2614.49;2.34;2.54;20
"35 13 1 DC55 55 30 34 33 33";"Aspen";399.22;1.76;1.96;20
"35 13 1 DC55 55 30 34 33 33";"Aspen";399.22;2.7;2.9;20
"35 13 1 DC55 55 30 34 33 33";"Aspen";399.22;2.16;2.36;20
"35 13 1 DC55 55 30 34 33 33";"Aspen";399.22;0.78;0.98;20
"35 13 1 DC55 55 30 34 33 33";"Aspen";399.22;0.92;1.12;20
"35 13 1 DC55 55 30 34 33 33";"Aspen";399.22;3.38;3.58;20
"35 13 1 DC55 55 30 34 33 33";"Aspen";399.22;1.14;1.34;20
"35 13 1 DC55 55 30 34 33 33";"Aspen";399.22;2.74;2.94;20
"35 13 1 DC55 55 30 34 33 33";"Aspen";399.22;2.02;2.22;20
"35 13 1 DC55 55 30 34 33 33";"Aspen";399.22;2.28;2.48;20
"35 13 1 DC55 55 30 34 33 33";"Aspen";399.22;0.17;0.37;20
"35 13 1 DC55 55 30 34 33 33";"Aspen";399.22;1.81;2.01;20
"35 13 1 DC55 55 30 34 33 33";"Aspen";399.22;1.85;2.05;20
"35 13 1 DC55 55 30 34 33 33";"Aspen";399.22;0.72;0.92;20
"35 13 1 DC55 55 30 34 33 33";"Aspen";399.22;1.62;1.82;20
"35 13 1 DC55 55 30 34 33 33";"Aspen";399.22;0.53;0.73;20
"35 13 1 DC55 55 30 34 33 33";"Aspen";399.22;2.14;2.34;20
"35 13 1 DC55 55 30 34 33 33";"Aspen";399.22;3.49;3.69;20
"35 13 1 DC55 55 30 34 33 33";"Aspen";399.22;0.39;0.59;20
"35 13 1 DC55 55 30 34 33 33";"Aspen";399.22;2.84;3.04;20
"35 13 1 DC55 55 30 34 33 33";"Aspen";399.22;0.82;1.02;20
"35 13 1 DC55 55 30 34 33 33";"Aspen";399.22;2.93;3.13;20
"35 13 1 DC55 55 30 34 33 33";"Aspen";399.22;0.92;1.12;20
"35 13 1 DC55 55 30 34 33 33";"Aspen";399.22;3.04;3.24;20
"35 13 1 DC55 55 30 34 33 33";"Aspen";399.22;0.61;0.81;20
"36 14 1 DC55 55 30 34 33 33";"Aspen";2559.07;1.35;1.55;20
"36 14 1 DC55 55 30 34 33 33";"Aspen";2559.07;0.64;0.84;20
"36 14 1 DC55 55 30 34 33 33";"Aspen";2559.07;2.48;2.68;20
"36 14 1 DC55 55 30 34 33 33";"Aspen";2559.07;1.04;1.24;20
"36 14 1 DC55 55 30 34 33 33";"Aspen";2559.07;0.37;0.57;20
"36 14 1 DC55 55 30 34 33 33";"Aspen";2559.07;1.53;1.73;20
"36 14 1 DC55 55 30 34 33 33";"Aspen";2559.07;0.66;0.86;20
"36 14 1 DC55 55 30 34 33 33";"Aspen";2559.07;0.82;1.02;20
"36 14 1 DC55 55 30 34 33 33";"Aspen";2559.07;0.79;0.99;20
"36 14 1 DC55 55 30 34 33 33";"Aspen";2559.07;0.99;1.19;20
"36 14 1 DC55 55 30 34 33 33";"Aspen";2559.07;0.83;1.03;20
"36 14 1 DC55 55 30 34 33 33";"Aspen";2559.07;2.06;2.26;20
"36 14 1 DC55 55 30 34 33 33";"Aspen";2559.07;0.83;1.03;20
"36 14 1 DC55 55 30 34 33 33";"Aspen";2559.07;3.09;3.29;20
"36 14 1 DC55 55 30 34 33 33";"Aspen";2559.07;1.51;1.71;20
"36 14 1 DC55 55 30 34 33 33";"Aspen";2559.07;2.39;2.59;20
"36 14 1 DC55 55 30 34 33 33";"Aspen";2559.07;0.46;0.66;20
"36 14 1 DC55 55 30 34 33 33";"Aspen";2559.07;0.35;0.55;20
"36 14 1 DC55 55 30 34 33 33";"Aspen";2559.07;0.87;1.07;20
"36 14 1 DC55 55 30 34 33 33";"Aspen";2559.07;1.96;2.16;20
"36 14 1 DC55 55 30 34 33 33";"Aspen";2559.07;2.41;2.61;20
"36 14 1 DC55 55 30 34 33 33";"Aspen";2559.07;0.79;0.99;20
"36 14 1 DC55 55 30 34 33 33";"Aspen";2559.07;0.85;1.05;20
"36 14 1 DC55 55 30 34 33 33";"Aspen";2559.07;0.16;0.36;20
"36 14 1 DC55 55 30 34 33 33";"Aspen";2559.07;2.95;3.15;20
"37 15 1 DC55 55 30 34 33 33";"Aspen";2397.04;2.15;2.35;20
"37 15 1 DC55 55 30 34 33 33";"Aspen";2397.04;0.25;0.45;20
"37 15 1 DC55 55 30 34 33 33";"Aspen";2397.04;2.82;3.02;20
"37 15 1 DC55 55 30 34 33 33";"Aspen";2397.04;0.88;1.08;20
"37 15 1 DC55 55 30 34 33 33";"Aspen";2397.04;0.95;1.15;20
"37 15 1 DC55 55 30 34 33 33";"Aspen";2397.04;2.59;2.79;20
"37 15 1 DC55 55 30 34 33 33";"Aspen";2397.04;2.02;2.22;20
"37 15 1 DC55 55 30 34 33 33";"Aspen";2397.04;1.19;1.39;20
"37 15 1 DC55 55 30 34 33 33";"Aspen";2397.04;2.29;2.49;20
"37 15 1 DC55 55 30 34 33 33";"Aspen";2397.04;1.59;1.79;20
"37 15 1 DC55 55 30 34 33 33";"Aspen";2397.04;1.41;1.61;20
"37 15 1 DC55 55 30 34 33 33";"Aspen";2397.04;0.47;0.67;20
"37 15 1 DC55 55 30 34 33 33";"Aspen";2397.04;1.64;1.84;20
"37 15 1 DC55 55 30 34 33 33";"Aspen";2397.04;1.77;1.97;20
"37 15 1 DC55 55 30 34 33 33";"Aspen";2397.04;3.73;3.93;20
"37 15 1 DC55 55 30 34 33 33";"Aspen";2397.04;0.77;0.97;20
"37 15 1 DC55 55 30 34 33 33";"Aspen";2397.04;1.19;1.39;20
"37 15 1 DC55 55 30 34 33 33";"Aspen";2397.04;2.18;2.38;20
"37 15 1 DC55 55 30 34 33 33";"Aspen";2397.04;1.16;1.36;20
"37 15 1 DC55 55 30 34 33 33";"Aspen";2397.04;0.97;1.17;20
"37 15 1 DC55 55 30 34 33 33";"Aspen";2397.04;0.71;0.91;20
"37 15 1 DC55 55 30 34 33 33";"Aspen";2397.04;0.15;0.35;20
"37 15 1 DC55 55 30 34 33 33";"Aspen";2397.04;1.08;1.28;20
"37 15 1 DC55 55 30 34 33 33";"Aspen";2397.04;3.17;3.37;20
"37 15 1 DC55 55 30 34 33 33";"Aspen";2397.04;2.19;2.39;20
"38 16 1 DC55 55 30 34 33 33";"Aspen";2716.57;0.86;1.06;20
"38 16 1 DC55 55 30 34 33 33";"Aspen";2716.57;1.09;1.29;20
"38 16 1 DC55 55 30 34 33 33";"Aspen";2716.57;1.69;1.89;20
"38 16 1 DC55 55 30 34 33 33";"Aspen";2716.57;1.43;1.63;20
"38 16 1 DC55 55 30 34 33 33";"Aspen";2716.57;0.94;1.14;20
"38 16 1 DC55 55 30 34 33 33";"Aspen";2716.57;3.44;3.64;20
"38 16 1 DC55 55 30 34 33 33";"Aspen";2716.57;2.67;2.87;20
"38 16 1 DC55 55 30 34 33 33";"Aspen";2716.57;1.82;2.02;20
"38 16 1 DC55 55 30 34 33 33";"Aspen";2716.57;0.66;0.86;20
"38 16 1 DC55 55 30 34 33 33";"Aspen";2716.57;2.17;2.37;20
"38 16 1 DC55 55 30 34 33 33";"Aspen";2716.57;1.99;2.19;20
"38 16 1 DC55 55 30 34 33 33";"Aspen";2716.57;3.21;3.41;20
"38 16 1 DC55 55 30 34 33 33";"Aspen";2716.57;1.21;1.41;20
"38 16 1 DC55 55 30 34 33 33";"Aspen";2716.57;1.28;1.48;20
"38 16 1 DC55 55 30 34 33 33";"Aspen";2716.57;0.49;0.69;20
"38 16 1 DC55 55 30 34 33 33";"Aspen";2716.57;1.97;2.17;20
"38 16 1 DC55 55 30 34 33 33";"Aspen";2716.57;1.13;1.33;20
"38 16 1 DC55 55 30 34 33 33";"Aspen";2716.57;1.78;1.98;20
"38 16 1 DC55 55 30 34 33 33";"Aspen";2716.57;0.63;0.83;20
"38 16 1 DC55 55 30 34 33 33";"Aspen";2716.57;3.27;3.47;20
"38 16 1 DC55 55 30 34 33 33";"Aspen";2716.57;2.12;2.32;20
"38 16 1 DC55 55 30 34 33 33";"Aspen";2716.57;1.12;1.32;20
"38 16 1 DC55 55 30 34 33 33";"Aspen";2716.57;0.65;0.85;20
"38 16 1 DC55 55 30 34 33 33";"Aspen";2716.57;2.02;2.22;20
"38 16 1 DC55 55 30 34 33 33";"Aspen";2716.57;0.75;0.95;20
"39 17 1 DC55 55 30 34 33 33";"Aspen";980.58;0.63;0.83;20
"39 17 1 DC55 55 30 34 33 33";"Aspen";980.58;2.36;2.56;20
"39 17 1 DC55 55 30 34 33 33";"Aspen";980.58;0.28;0.48;20
"39 17 1 DC55 55 30 34 33 33";"Aspen";980.58;0.17;0.37;20
"39 17 1 DC55 55 30 34 33 33";"Aspen";980.58;0.92;1.12;20
"39 17 1 DC55 55 30 34 33 33";"Aspen";980.58;2.67;2.87;20
"39 17 1 DC55 55 30 34 33 33";"Aspen";980.58;2.61;2.81;20
"39 17 1 DC55 55 30 34 33 33";"Aspen";980.58;0.38;0.58;20
"39 17 1 DC55 55 30 34 33 33";"Aspen";980.58;3.31;3.51;20
"39 17 1 DC55 55 30 34 33 33";"Aspen";980.58;1.23;1.43;20
"39 17 1 DC55 55 30 34 33 33";"Aspen";980.58;0.65;0.85;20
"39 17 1 DC55 55 30 34 33 33";"Aspen";980.58;3.54;3.74;20
"39 17 1 DC55 55 30 34 33 33";"Aspen";980.58;3.15;3.35;20
"39 17 1 DC55 55 30 34 33 33";"Aspen";980.58;0.09;0.29;20
"39 17 1 DC55 55 30 34 33 33";"Aspen";980.58;0.56;0.76;20
"39 17 1 DC55 55 30 34 33 33";"Aspen";980.58;0.6;0.8;20
"39 17 1 DC55 55 30 34 33 33";"Aspen";980.58;2.52;2.72;20
"39 17 1 DC55 55 30 34 33 33";"Aspen";980.58;2.72;2.92;20
"39 17 1 DC55 55 30 34 33 33";"Aspen";980.58;1.99;2.19;20
"39 17 1 DC55 55 30 34 33 33";"Aspen";980.58;0.72;0.92;20
"39 17 1 DC55 55 30 34 33 33";"Aspen";980.58;2.76;2.96;20
"39 17 1 DC55 55 30 34 33 33";"Aspen";980.58;1.58;1.78;20
"39 17 1 DC55 55 30 34 33 33";"Aspen";980.58;0.57;0.77;20
"39 17 1 DC55 55 30 34 33 33";"Aspen";980.58;1.91;2.11;20
"39 17 1 DC55 55 30 34 33 33";"Aspen";980.58;1.71;1.91;20
"40 18 1 DC55 55 30 34 33 33";"Aspen";2254.44;-0.06;0.14;20
"40 18 1 DC55 55 30 34 33 33";"Aspen";2254.44;1.8;2;20
"40 18 1 DC55 55 30 34 33 33";"Aspen";2254.44;0.08;0.28;20
"40 18 1 DC55 55 30 34 33 33";"Aspen";2254.44;1.67;1.87;20
"40 18 1 DC55 55 30 34 33 33";"Aspen";2254.44;1.32;1.52;20
"40 18 1 DC55 55 30 34 33 33";"Aspen";2254.44;0.5;0.7;20
"40 18 1 DC55 55 30 34 33 33";"Aspen";2254.44;1.46;1.66;20
"40 18 1 DC55 55 30 34 33 33";"Aspen";2254.44;0.45;0.65;20
"40 18 1 DC55 55 30 34 33 33";"Aspen";2254.44;1.64;1.84;20
"40 18 1 DC55 55 30 34 33 33";"Aspen";2254.44;0.35;0.55;20
"40 18 1 DC55 55 30 34 33 33";"Aspen";2254.44;2.32;2.52;20
"40 18 1 DC55 55 30 34 33 33";"Aspen";2254.44;0.39;0.59;20
"40 18 1 DC55 55 30 34 33 33";"Aspen";2254.44;1.16;1.36;20
"40 18 1 DC55 55 30 34 33 33";"Aspen";2254.44;0.01;0.21;20
"40 18 1 DC55 55 30 34 33 33";"Aspen";2254.44;1.34;1.54;20
"40 18 1 DC55 55 30 34 33 33";"Aspen";2254.44;3.19;3.39;20
"40 18 1 DC55 55 30 34 33 33";"Aspen";2254.44;3.03;3.23;20
"40 18 1 DC55 55 30 34 33 33";"Aspen";2254.44;2.14;2.34;20
"40 18 1 DC55 55 30 34 33 33";"Aspen";2254.44;1.83;2.03;20
"40 18 1 DC55 55 30 34 33 33";"Aspen";2254.44;1.93;2.13;20
"40 18 1 DC55 55 30 34 33 33";"Aspen";2254.44;0.72;0.92;20
"40 18 1 DC55 55 30 34 33 33";"Aspen";2254.44;1.16;1.36;20
"40 18 1 DC55 55 30 34 33 33";"Aspen";2254.44;0.97;1.17;20
"40 18 1 DC55 55 30 34 33 33";"Aspen";2254.44;1.14;1.34;20
"40 18 1 DC55 55 30 34 33 33";"Aspen";2254.44;2.85;3.05;20
"41 19 1 DC55 55 30 34 33 33";"Aspen";2762.47;2.93;3.13;20
"41 19 1 DC55 55 30 34 33 33";"Aspen";2762.47;3.09;3.29;20
"41 19 1 DC55 55 30 34 33 33";"Aspen";2762.47;2.14;2.34;20
"41 19 1 DC55 55 30 34 33 33";"Aspen";2762.47;0.01;0.21;20
"41 19 1 DC55 55 30 34 33 33";"Aspen";2762.47;1.97;2.17;20
"41 19 1 DC55 55 30 34 33 33";"Aspen";2762.47;1.48;1.68;20
"41 19 1 DC55 55 30 34 33 33";"Aspen";2762.47;0.37;0.57;20
"41 19 1 DC55 55 30 34 33 33";"Aspen";2762.47;3;3.2;20
"41 19 1 DC55 55 30 34 33 33";"Aspen";2762.47;3.19;3.39;20
"41 19 1 DC55 55 30 34 33 33";"Aspen";2762.47;2.61;2.81;20
"41 19 1 DC55 55 30 34 33 33";"Aspen";2762.47;1.64;1.84;20
"41 19 1 DC55 55 30 34 33 33";"Aspen";2762.47;0.73;0.93;20
"41 19 1 DC55 55 30 34 33 33";"Aspen";2762.47;1.33;1.53;20
"41 19 1 DC55 55 30 34 33 33";"Aspen";2762.47;1.39;1.59;20
"41 19 1 DC55 55 30 34 33 33";"Aspen";2762.47;3.84;4.04;20
"41 19 1 DC55 55 30 34 33 33";"Aspen";2762.47;0.48;0.68;20
"41 19 1 DC55 55 30 34 33 33";"Aspen";2762.47;3.83;4.03;20
"41 19 1 DC55 55 30 34 33 33";"Aspen";2762.47;2.64;2.84;20
"41 19 1 DC55 55 30 34 33 33";"Aspen";2762.47;3.28;3.48;20
"41 19 1 DC55 55 30 34 33 33";"Aspen";2762.47;1.03;1.23;20
"41 19 1 DC55 55 30 34 33 33";"Aspen";2762.47;1.66;1.86;20
"41 19 1 DC55 55 30 34 33 33";"Aspen";2762.47;1.58;1.78;20
"41 19 1 DC55 55 30 34 33 33";"Aspen";2762.47;0.08;0.28;20
"41 19 1 DC55 55 30 34 33 33";"Aspen";2762.47;2.42;2.62;20
"41 19 1 DC55 55 30 34 33 33";"Aspen";2762.47;2.39;2.59;20
"42 20 1 DC55 55 30 34 33 33";"Aspen";2171.25;1.21;1.41;20
"42 20 1 DC55 55 30 34 33 33";"Aspen";2171.25;0.82;1.02;20
"42 20 1 DC55 55 30 34 33 33";"Aspen";2171.25;0.62;0.82;20
"42 20 1 DC55 55 30 34 33 33";"Aspen";2171.25;3.08;3.28;20
"42 20 1 DC55 55 30 34 33 33";"Aspen";2171.25;0.47;0.67;20
"42 20 1 DC55 55 30 34 33 33";"Aspen";2171.25;0.87;1.07;20
"42 20 1 DC55 55 30 34 33 33";"Aspen";2171.25;2.11;2.31;20
"42 20 1 DC55 55 30 34 33 33";"Aspen";2171.25;0.84;1.04;20
"42 20 1 DC55 55 30 34 33 33";"Aspen";2171.25;0.75;0.95;20
"42 20 1 DC55 55 30 34 33 33";"Aspen";2171.25;0.79;0.99;20
"42 20 1 DC55 55 30 34 33 33";"Aspen";2171.25;1.25;1.45;20
"42 20 1 DC55 55 30 34 33 33";"Aspen";2171.25;1.27;1.47;20
"42 20 1 DC55 55 30 34 33 33";"Aspen";2171.25;2.62;2.82;20
"42 20 1 DC55 55 30 34 33 33";"Aspen";2171.25;1.66;1.86;20
"42 20 1 DC55 55 30 34 33 33";"Aspen";2171.25;2.19;2.39;20
"42 20 1 DC55 55 30 34 33 33";"Aspen";2171.25;1.77;1.97;20
"42 20 1 DC55 55 30 34 33 33";"Aspen";2171.25;3.47;3.67;20
"42 20 1 DC55 55 30 34 33 33";"Aspen";2171.25;1.79;1.99;20
"42 20 1 DC55 55 30 34 33 33";"Aspen";2171.25;1.69;1.89;20
"42 20 1 DC55 55 30 34 33 33";"Aspen";2171.25;1.29;1.49;20
"42 20 1 DC55 55 30 34 33 33";"Aspen";2171.25;3.09;3.29;20
"42 20 1 DC55 55 30 34 33 33";"Aspen";2171.25;3.45;3.65;20
"42 20 1 DC55 55 30 34 33 33";"Aspen";2171.25;2.36;2.56;20
"42 20 1 DC55 55 30 34 33 33";"Aspen";2171.25;2.25;2.45;20
"42 20 1 DC55 55 30 34 33 33";"Aspen";2171.25;1.16;1.36;20
"43 0 2 DC55 55 30 34 33 33";"Aspen";1802.86;2.02;2.22;20
"43 0 2 DC55 55 30 34 33 33";"Aspen";1802.86;1.29;1.49;20
"43 0 2 DC55 55 30 34 33 33";"Aspen";1802.86;0.88;1.08;20
"43 0 2 DC55 55 30 34 33 33";"Aspen";1802.86;1.2;1.4;20
"43 0 2 DC55 55 30 34 33 33";"Aspen";1802.86;2.15;2.35;20
"43 0 2 DC55 55 30 34 33 33";"Aspen";1802.86;2.06;2.26;20
"43 0 2 DC55 55 30 34 33 33";"Aspen";1802.86;2.05;2.25;20
"43 0 2 DC55 55 30 34 33 33";"Aspen";1802.86;0.58;0.78;20
"43 0 2 DC55 55 30 34 33 33";"Aspen";1802.86;2.48;2.68;20
"43 0 2 DC55 55 30 34 33 33";"Aspen";1802.86;1.57;1.77;20
"43 0 2 DC55 55 30 34 33 33";"Aspen";1802.86;0.74;0.94;20
"43 0 2 DC55 55 30 34 33 33";"Aspen";1802.86;1.69;1.89;20
"43 0 2 DC55 55 30 34 33 33";"Aspen";1802.86;3.22;3.42;20
"43 0 2 DC55 55 30 34 33 33";"Aspen";1802.86;0.9;1.1;20
"43 0 2 DC55 55 30 34 33 33";"Aspen";1802.86;0.62;0.82;20
"43 0 2 DC55 55 30 34 33 33";"Aspen";1802.86;0.87;1.07;20
"43 0 2 DC55 55 30 34 33 33";"Aspen";1802.86;3.31;3.51;20
"43 0 2 DC55 55 30 34 33 33";"Aspen";1802.86;1.71;1.91;20
"43 0 2 DC55 55 30 34 33 33";"Aspen";1802.86;2.19;2.39;20
"43 0 2 DC55 55 30 34 33 33";"Aspen";1802.86;1.22;1.42;20
"43 0 2 DC55 55 30 34 33 33";"Aspen";1802.86;0.47;0.67;20
"43 0 2 DC55 55 30 34 33 33";"Aspen";1802.86;3.32;3.52;20
"43 0 2 DC55 55 30 34 33 33";"Aspen";1802.86;1.06;1.26;20
"43 0 2 DC55 55 30 34 33 33";"Aspen";1802.86;1.75;1.95;20
"43 0 2 DC55 55 30 34 33 33";"Aspen";1802.86;1.73;1.93;20
"44 1 2 DC55 55 30 34 33 33";"Aspen";830.39;1.07;1.27;20
"44 1 2 DC55 55 30 34 33 33";"Aspen";830.39;0.94;1.14;20
"44 1 2 DC55 55 30 34 33 33";"Aspen";830.39;0.39;0.59;20
"44 1 2 DC55 55 30 34 33 33";"Aspen";830.39;1.27;1.47;20
"44 1 2 DC55 55 30 34 33 33";"Aspen";830.39;1.71;1.91;20
"44 1 2 DC55 55 30 34 33 33";"Aspen";830.39;0.52;0.72;20
"44 1 2 DC55 55 30 34 33 33";"Aspen";830.39;0.32;0.52;20
"44 1 2 DC55 55 30 34 33 33";"Aspen";830.39;0.24;0.44;20
"44 1 2 DC55 55 30 34 33 33";"Aspen";830.39;0.03;0.23;20
"44 1 2 DC55 55 30 34 33 33";"Aspen";830.39;0.8;1;20
"44 1 2 DC55 55 30 34 33 33";"Aspen";830.39;1.51;1.71;20
"44 1 2 DC55 55 30 34 33 33";"Aspen";830.39;0.21;0.41;20
"44 1 2 DC55 55 30 34 33 33";"Aspen";830.39;1.08;1.28;20
"44 1 2 DC55 55 30 34 33 33";"Aspen";830.39;0.03;0.23;20
"44 1 2 DC55 55 30 34 33 33";"Aspen";830.39;0.7;0.9;20
"44 1 2 DC55 55 30 34 33 33";"Aspen";830.39;2.29;2.49;20
"44 1 2 DC55 55 30 34 33 33";"Aspen";830.39;1.59;1.79;20
"44 1 2 DC55 55 30 34 33 33";"Aspen";830.39;0.85;1.05;20
"44 1 2 DC55 55 30 34 33 33";"Aspen";830.39;0.81;1.01;20
"44 1 2 DC55 55 30 34 33 33";"Aspen";830.39;2.28;2.48;20
"44 1 2 DC55 55 30 34 33 33";"Aspen";830.39;1.41;1.61;20
"44 1 2 DC55 55 30 34 33 33";"Aspen";830.39;2.27;2.47;20
"44 1 2 DC55 55 30 34 33 33";"Aspen";830.39;0.43;0.63;20
"44 1 2 DC55 55 30 34 33 33";"Aspen";830.39;0.12;0.32;20
"44 1 2 DC55 55 30 34 33 33";"Aspen";830.39;3.47;3.67;20
"45 2 2 DC55 55 30 34 33 33";"Aspen";1364.06;1.15;1.35;20
"45 2 2 DC55 55 30 34 33 33";"Aspen";1364.06;0.34;0.54;20
"45 2 2 DC55 55 30 34 33 33";"Aspen";1364.06;2.45;2.65;20
"45 2 2 DC55 55 30 34 33 33";"Aspen";1364.06;0.76;0.96;20
"45 2 2 DC55 55 30 34 33 33";"Aspen";1364.06;0.35;0.55;20
"45 2 2 DC55 55 30 34 33 33";"Aspen";1364.06;1.27;1.47;20
"45 2 2 DC55 55 30 34 33 33";"Aspen";1364.06;0.05;0.25;20
"45 2 2 DC55 55 30 34 33 33";"Aspen";1364.06;1.52;1.72;20
"45 2 2 DC55 55 30 34 33 33";"Aspen";1364.06;0.9;1.1;20
"45 2 2 DC55 55 30 34 33 33";"Aspen";1364.06;2.59;2.79;20
"45 2 2 DC55 55 30 34 33 33";"Aspen";1364.06;0.83;1.03;20
"45 2 2 DC55 55 30 34 33 33";"Aspen";1364.06;1.77;1.97;20
"45 2 2 DC55 55 30 34 33 33";"Aspen";1364.06;0.98;1.18;20
"45 2 2 DC55 55 30 34 33 33";"Aspen";1364.06;1.91;2.11;20
"45 2 2 DC55 55 30 34 33 33";"Aspen";1364.06;2.11;2.31;20
"45 2 2 DC55 55 30 34 33 33";"Aspen";1364.06;0.91;1.11;20
"45 2 2 DC55 55 30 34 33 33";"Aspen";1364.06;2.82;3.02;20
"45 2 2 DC55 55 30 34 33 33";"Aspen";1364.06;1.46;1.66;20
"45 2 2 DC55 55 30 34 33 33";"Aspen";1364.06;1.43;1.63;20
"45 2 2 DC55 55 30 34 33 33";"Aspen";1364.06;0.11;0.31;20
"45 2 2 DC55 55 30 34 33 33";"Aspen";1364.06;3.22;3.42;20
"45 2 2 DC55 55 30 34 33 33";"Aspen";1364.06;1.34;1.54;20
"45 2 2 DC55 55 30 34 33 33";"Aspen";1364.06;1.35;1.55;20
"45 2 2 DC55 55 30 34 33 33";"Aspen";1364.06;3.86;4.06;20
"45 2 2 DC55 55 30 34 33 33";"Aspen";1364.06;0.84;1.04;20
"46 3 2 DC53 55 30 34 33 33";"Aspen";884.85;0.19;0.39;20
"46 3 2 DC53 55 30 34 33 33";"Aspen";884.85;1.99;2.19;20
"46 3 2 DC53 55 30 34 33 33";"Aspen";884.85;2.68;2.88;20
"46 3 2 DC53 55 30 34 33 33";"Aspen";884.85;0.17;0.37;20
"46 3 2 DC53 55 30 34 33 33";"Aspen";884.85;1.59;1.79;20
"46 3 2 DC53 55 30 34 33 33";"Aspen";884.85;0.21;0.41;20
"46 3 2 DC53 55 30 34 33 33";"Aspen";884.85;1.31;1.51;20
"46 3 2 DC53 55 30 34 33 33";"Aspen";884.85;1.3;1.5;20
"46 3 2 DC53 55 30 34 33 33";"Aspen";884.85;0.91;1.11;20
"46 3 2 DC53 55 30 34 33 33";"Aspen";884.85;0.91;1.11;20
"46 3 2 DC53 55 30 34 33 33";"Aspen";884.85;3.12;3.32;20
"46 3 2 DC53 55 30 34 33 33";"Aspen";884.85;0.76;0.96;20
"46 3 2 DC53 55 30 34 33 33";"Aspen";884.85;0.4;0.6;20
"46 3 2 DC53 55 30 34 33 33";"Aspen";884.85;1.68;1.88;20
"46 3 2 DC53 55 30 34 33 33";"Aspen";884.85;0.72;0.92;20
"46 3 2 DC53 55 30 34 33 33";"Aspen";884.85;0.77;0.97;20
"46 3 2 DC53 55 30 34 33 33";"Aspen";884.85;0.64;0.84;20
"46 3 2 DC53 55 30 34 33 33";"Aspen";884.85;0.47;0.67;20
"46 3 2 DC53 55 30 34 33 33";"Aspen";884.85;0.73;0.93;20
"46 3 2 DC53 55 30 34 33 33";"Aspen";884.85;0.12;0.32;20
"46 3 2 DC53 55 30 34 33 33";"Aspen";884.85;1.79;1.99;20
"46 3 2 DC53 55 30 34 33 33";"Aspen";884.85;0.69;0.89;20
"46 3 2 DC53 55 30 34 33 33";"Aspen";884.85;2.95;3.15;20
"46 3 2 DC53 55 30 34 33 33";"Aspen";884.85;1.88;2.08;20
"46 3 2 DC53 55 30 34 33 33";"Aspen";884.85;1.29;1.49;20
"47 4 2 DC53 55 30 34 33 33";"Aspen";2422.23;3.83;4.03;20
"47 4 2 DC53 55 30 34 33 33";"Aspen";2422.23;1.95;2.15;20
"47 4 2 DC53 55 30 34 33 33";"Aspen";2422.23;2.58;2.78;20
"47 4 2 DC53 55 30 34 33 33";"Aspen";2422.23;0.47;0.67;20
"47 4 2 DC53 55 30 34 33 33";"Aspen";2422.23;1.79;1.99;20
"47 4 2 DC53 55 30 34 33 33";"Aspen";2422.23;1.33;1.53;20
"47 4 2 DC53 55 30 34 33 33";"Aspen";2422.23;1.88;2.08;20
"47 4 2 DC53 55 30 34 33 33";"Aspen";2422.23;0.14;0.34;20
"47 4 2 DC53 55 30 34 33 33";"Aspen";2422.23;3.08;3.28;20
"47 4 2 DC53 55 30 34 33 33";"Aspen";2422.23;1.7;1.9;20
"47 4 2 DC53 55 30 34 33 33";"Aspen";2422.23;0.7;0.9;20
"47 4 2 DC53 55 30 34 33 33";"Aspen";2422.23;1.13;1.33;20
"47 4 2 DC53 55 30 34 33 33";"Aspen";2422.23;3.46;3.66;20
"47 4 2 DC53 55 30 34 33 33";"Aspen";2422.23;1.21;1.41;20
"47 4 2 DC53 55 30 34 33 33";"Aspen";2422.23;1.17;1.37;20
"47 4 2 DC53 55 30 34 33 33";"Aspen";2422.23;3.29;3.49;20
"47 4 2 DC53 55 30 34 33 33";"Aspen";2422.23;0.69;0.89;20
"47 4 2 DC53 55 30 34 33 33";"Aspen";2422.23;1.59;1.79;20
"47 4 2 DC53 55 30 34 33 33";"Aspen";2422.23;2.18;2.38;20
"47 4 2 DC53 55 30 34 33 33";"Aspen";2422.23;1.22;1.42;20
"47 4 2 DC53 55 30 34 33 33";"Aspen";2422.23;2.44;2.64;20
"47 4 2 DC53 55 30 34 33 33";"Aspen";2422.23;0.69;0.89;20
"47 4 2 DC53 55 30 34 33 33";"Aspen";2422.23;3.08;3.28;20
"47 4 2 DC53 55 30 34 33 33";"Aspen";2422.23;3.07;3.27;20
"47 4 2 DC53 55 30 34 33 33";"Aspen";2422.23;0.74;0.94;20
"48 5 2 DC53 55 30 34 33 33";"Aspen";2065.26;1.48;1.68;20
"48 5 2 DC53 55 30 34 33 33";"Aspen";2065.26;0.71;0.91;20
"48 5 2 DC53 55 30 34 33 33";"Aspen";2065.26;2.9;3.1;20
"48 5 2 DC53 55 30 34 33 33";"Aspen";2065.26;1.64;1.84;20
"48 5 2 DC53 55 30 34 33 33";"Aspen";2065.26;2.26;2.46;20
"48 5 2 DC53 55 30 34 33 33";"Aspen";2065.26;0.82;1.02;20
"48 5 2 DC53 55 30 34 33 33";"Aspen";2065.26;1.8;2;20
"48 5 2 DC53 55 30 34 33 33";"Aspen";2065.26;1.38;1.58;20
"48 5 2 DC53 55 30 34 33 33";"Aspen";2065.26;1.91;2.11;20
"48 5 2 DC53 55 30 34 33 33";"Aspen";2065.26;2.9;3.1;20
"48 5 2 DC53 55 30 34 33 33";"Aspen";2065.26;1.94;2.14;20
"48 5 2 DC53 55 30 34 33 33";"Aspen";2065.26;3.72;3.92;20
"48 5 2 DC53 55 30 34 33 33";"Aspen";2065.26;1.48;1.68;20
"48 5 2 DC53 55 30 34 33 33";"Aspen";2065.26;0.56;0.76;20
"48 5 2 DC53 55 30 34 33 33";"Aspen";2065.26;1.41;1.61;20
"48 5 2 DC53 55 30 34 33 33";"Aspen";2065.26;0.71;0.91;20
"48 5 2 DC53 55 30 34 33 33";"Aspen";2065.26;1.55;1.75;20
"48 5 2 DC53 55 30 34 33 33";"Aspen";2065.26;2.08;2.28;20
"48 5 2 DC53 55 30 34 33 33";"Aspen";2065.26;2.31;2.51;20
"48 5 2 DC53 55 30 34 33 33";"Aspen";2065.26;2.44;2.64;20
"48 5 2 DC53 55 30 34 33 33";"Aspen";2065.26;3.71;3.91;20
"48 5 2 DC53 55 30 34 33 33";"Aspen";2065.26;0.49;0.69;20
"48 5 2 DC53 55 30 34 33 33";"Aspen";2065.26;1.03;1.23;20
"48 5 2 DC53 55 30 34 33 33";"Aspen";2065.26;1.14;1.34;20
"48 5 2 DC53 55 30 34 33 33";"Aspen";2065.26;0.25;0.45;20
"49 6 2 DC53 55 30 34 33 33";"Aspen";991.5;1.26;1.46;20
"49 6 2 DC53 55 30 34 33 33";"Aspen";991.5;1.97;2.17;20
"49 6 2 DC53 55 30 34 33 33";"Aspen";991.5;0.47;0.67;20
"49 6 2 DC53 55 30 34 33 33";"Aspen";991.5;0.91;1.11;20
"49 6 2 DC53 55 30 34 33 33";"Aspen";991.5;2.32;2.52;20
"49 6 2 DC53 55 30 34 33 33";"Aspen";991.5;1.6;1.8;20
"49 6 2 DC53 55 30 34 33 33";"Aspen";991.5;0.64;0.84;20
"49 6 2 DC53 55 30 34 33 33";"Aspen";991.5;0.64;0.84;20
"49 6 2 DC53 55 30 34 33 33";"Aspen";991.5;1.36;1.56;20
"49 6 2 DC53 55 30 34 33 33";"Aspen";991.5;2.9;3.1;20
"49 6 2 DC53 55 30 34 33 33";"Aspen";991.5;1.06;1.26;20
"49 6 2 DC53 55 30 34 33 33";"Aspen";991.5;2.86;3.06;20
"49 6 2 DC53 55 30 34 33 33";"Aspen";991.5;2.32;2.52;20
"49 6 2 DC53 55 30 34 33 33";"Aspen";991.5;0.07;0.27;20
"49 6 2 DC53 55 30 34 33 33";"Aspen";991.5;3.44;3.64;20
"49 6 2 DC53 55 30 34 33 33";"Aspen";991.5;2.23;2.43;20
"49 6 2 DC53 55 30 34 33 33";"Aspen";991.5;0.19;0.39;20
"49 6 2 DC53 55 30 34 33 33";"Aspen";991.5;2.75;2.95;20
"49 6 2 DC53 55 30 34 33 33";"Aspen";991.5;0.51;0.71;20
"49 6 2 DC53 55 30 34 33 33";"Aspen";991.5;1.84;2.04;20
"49 6 2 DC53 55 30 34 33 33";"Aspen";991.5;0.12;0.32;20
"49 6 2 DC53 55 30 34 33 33";"Aspen";991.5;0.27;0.47;20
"49 6 2 DC53 55 30 34 33 33";"Aspen";991.5;1.58;1.78;20
"49 6 2 DC53 55 30 34 33 33";"Aspen";991.5;2.63;2.83;20
"49 6 2 DC53 55 30 34 33 33";"Aspen";991.5;1.75;1.95;20
"50 7 2 DC53 55 30 34 33 33";"Aspen";2694.15;2.54;2.74;20
"50 7 2 DC53 55 30 34 33 33";"Aspen";2694.15;3.12;3.32;20
"50 7 2 DC53 55 30 34 33 33";"Aspen";2694.15;2.83;3.03;20
"50 7 2 DC53 55 30 34 33 33";"Aspen";2694.15;0.32;0.52;20
"50 7 2 DC53 55 30 34 33 33";"Aspen";2694.15;1.18;1.38;20
"50 7 2 DC53 55 30 34 33 33";"Aspen";2694.15;0.74;0.94;20
"50 7 2 DC53 55 30 34 33 33";"Aspen";2694.15;1.96;2.16;20
"50 7 2 DC53 55 30 34 33 33";"Aspen";2694.15;2.36;2.56;20
"50 7 2 DC53 55 30 34 33 33";"Aspen";2694.15;1.95;2.15;20
"50 7 2 DC53 55 30 34 33 33";"Aspen";2694.15;2.32;2.52;20
"50 7 2 DC53 55 30 34 33 33";"Aspen";2694.15;1.62;1.82;20
"50 7 2 DC53 55 30 34 33 33";"Aspen";2694.15;2.43;2.63;20
"50 7 2 DC53 55 30 34 33 33";"Aspen";2694.15;0.47;0.67;20
"50 7 2 DC53 55 30 34 33 33";"Aspen";2694.15;2.52;2.72;20
"50 7 2 DC53 55 30 34 33 33";"Aspen";2694.15;0.05;0.25;20
"50 7 2 DC53 55 30 34 33 33";"Aspen";2694.15;2.1;2.3;20
"50 7 2 DC53 55 30 34 33 33";"Aspen";2694.15;0.96;1.16;20
"50 7 2 DC53 55 30 34 33 33";"Aspen";2694.15;2.92;3.12;20
"50 7 2 DC53 55 30 34 33 33";"Aspen";2694.15;1.37;1.57;20
"50 7 2 DC53 55 30 34 33 33";"Aspen";2694.15;1.8;2;20
"50 7 2 DC53 55 30 34 33 33";"Aspen";2694.15;2.67;2.87;20
"50 7 2 DC53 55 30 34 33 33";"Aspen";2694.15;3.7;3.9;20
"50 7 2 DC53 55 30 34 33 33";"Aspen";2694.15;0.12;0.32;20
"50 7 2 DC53 55 30 34 33 33";"Aspen";2694.15;0.88;1.08;20
"50 7 2 DC53 55 30 34 33 33";"Aspen";2694.15;0.57;0.77;20
"51 8 2 DC53 55 30 34 33 33";"Aspen";2850.96;1.8;2;20
"51 8 2 DC53 55 30 34 33 33";"Aspen";2850.96;1.02;1.22;20
"51 8 2 DC53 55 30 34 33 33";"Aspen";2850.96;0.7;0.9;20
"51 8 2 DC53 55 30 34 33 33";"Aspen";2850.96;3.06;3.26;20
"51 8 2 DC53 55 30 34 33 33";"Aspen";2850.96;0.85;1.05;20
"51 8 2 DC53 55 30 34 33 33";"Aspen";2850.96;3.52;3.72;20
"51 8 2 DC53 55 30 34 33 33";"Aspen";2850.96;0.55;0.75;20
"51 8 2 DC53 55 30 34 33 33";"Aspen";2850.96;0.65;0.85;20
"51 8 2 DC53 55 30 34 33 33";"Aspen";2850.96;0.16;0.36;20
"51 8 2 DC53 55 30 34 33 33";"Aspen";2850.96;1.71;1.91;20
"51 8 2 DC53 55 30 34 33 33";"Aspen";2850.96;0.96;1.16;20
"51 8 2 DC53 55 30 34 33 33";"Aspen";2850.96;2.33;2.53;20
"51 8 2 DC53 55 30 34 33 33";"Aspen";2850.96;1.08;1.28;20
"51 8 2 DC53 55 30 34 33 33";"Aspen";2850.96;1.88;2.08;20
"51 8 2 DC53 55 30 34 33 33";"Aspen";2850.96;0.56;0.76;20
"51 8 2 DC53 55 30 34 33 33";"Aspen";2850.96;0.87;1.07;20
"51 8 2 DC53 55 30 34 33 33";"Aspen";2850.96;2.32;2.52;20
"51 8 2 DC53 55 30 34 33 33";"Aspen";2850.96;0.74;0.94;20
"51 8 2 DC53 55 30 34 33 33";"Aspen";2850.96;0.62;0.82;20
"51 8 2 DC53 55 30 34 33 33";"Aspen";2850.96;0.71;0.91;20
"51 8 2 DC53 55 30 34 33 33";"Aspen";2850.96;1.95;2.15;20
"51 8 2 DC53 55 30 34 33 33";"Aspen";2850.96;0.62;0.82;20
"51 8 2 DC53 55 30 34 33 33";"Aspen";2850.96;0.48;0.68;20
"51 8 2 DC53 55 30 34 33 33";"Aspen";2850.96;0.21;0.41;20
"51 8 2 DC53 55 30 34 33 33";"Aspen";2850.96;1.03;1.23;20
"52 9 2 DC46 55 30 34 33 33";"Aspen";1713.87;0.48;0.68;20
"52 9 2 DC46 55 30 34 33 33";"Aspen";1713.87;0.93;1.13;20
"52 9 2 DC46 55 30 34 33 33";"Aspen";1713.87;3.04;3.24;20
"52 9 2 DC46 55 30 34 33 33";"Aspen";1713.87;1.21;1.41;20
"52 9 2 DC46 55 30 34 33 33";"Aspen";1713.87;3.47;3.67;20
"52 9 2 DC46 55 30 34 33 33";"Aspen";1713.87;2.52;2.72;20
"52 9 2 DC46 55 30 34 33 33";"Aspen";1713.87;0.56;0.76;20
"52 9 2 DC46 55 30 34 33 33";"Aspen";1713.87;2.97;3.17;20
"52 9 2 DC46 55 30 34 33 33";"Aspen";1713.87;1.97;2.17;20
"52 9 2 DC46 55 30 34 33 33";"Aspen";1713.87;1.85;2.05;20
"52 9 2 DC46 55 30 34 33 33";"Aspen";1713.87;1.38;1.58;20
"52 9 2 DC46 55 30 34 33 33";"Aspen";1713.87;1.83;2.03;20
"52 9 2 DC46 55 30 34 33 33";"Aspen";1713.87;1.92;2.12;20
"52 9 2 DC46 55 30 34 33 33";"Aspen";1713.87;1.01;1.21;20
"52 9 2 DC46 55 30 34 33 33";"Aspen";1713.87;1.32;1.52;20
"52 9 2 DC46 55 30 34 33 33";"Aspen";1713.87;0.79;0.99;20
"52 9 2 DC46 55 30 34 33 33";"Aspen";1713.87;3.18;3.38;20
"52 9 2 DC46 55 30 34 33 33";"Aspen";1713.87;1.75;1.95;20
"52 9 2 DC46 55 30 34 33 33";"Aspen";1713.87;1.43;1.63;20
"52 9 2 DC46 55 30 34 33 33";"Aspen";1713.87;0.58;0.78;20
"52 9 2 DC46 55 30 34 33 33";"Aspen";1713.87;1.08;1.28;20
"52 9 2 DC46 55 30 34 33 33";"Aspen";1713.87;0.33;0.53;20
"52 9 2 DC46 55 30 34 33 33";"Aspen";1713.87;0.83;1.03;20
"52 9 2 DC46 55 30 34 33 33";"Aspen";1713.87;0.57;0.77;20
"52 9 2 DC46 55 30 34 33 33";"Aspen";1713.87;0.42;0.62;20
"53 10 2 DC46 55 30 34 33 33";"Aspen";1841.77;0.53;0.73;20
"53 10 2 DC46 55 30 34 33 33";"Aspen";1841.77;1.03;1.23;20
"53 10 2 DC46 55 30 34 33 33";"Aspen";1841.77;2.02;2.22;20
"53 10 2 DC46 55 30 34 33 33";"Aspen";1841.77;0.59;0.79;20
"53 10 2 DC46 55 30 34 33 33";"Aspen";1841.77;3.3;3.5;20
"53 10 2 DC46 55 30 34 33 33";"Aspen";1841.77;0.26;0.46;20
"53 10 2 DC46 55 30 34 33 33";"Aspen";1841.77;0.48;0.68;20
"53 10 2 DC46 55 30 34 33 33";"Aspen";1841.77;0.06;0.26;20
"53 10 2 DC46 55 30 34 33 33";"Aspen";1841.77;0.52;0.72;20
"53 10 2 DC46 55 30 34 33 33";"Aspen";1841.77;0.2;0.4;20
"53 10 2 DC46 55 30 34 33 33";"Aspen";1841.77;2.05;2.25;20
"53 10 2 DC46 55 30 34 33 33";"Aspen";1841.77;1.77;1.97;20
"53 10 2 DC46 55 30 34 33 33";"Aspen";1841.77;2.69;2.89;20
"53 10 2 DC46 55 30 34 33 33";"Aspen";1841.77;0.01;0.21;20
"53 10 2 DC46 55 30 34 33 33";"Aspen";1841.77;0.21;0.41;20
"53 10 2 DC46 55 30 34 33 33";"Aspen";1841.77;3.69;3.89;20
"53 10 2 DC46 55 30 34 33 33";"Aspen";1841.77;1.14;1.34;20
"53 10 2 DC46 55 30 34 33 33";"Aspen";1841.77;0.27;0.47;20
"53 10 2 DC46 55 30 34 33 33";"Aspen";1841.77;2.54;2.74;20
"53 10 2 DC46 55 30 34 33 33";"Aspen";1841.77;3.18;3.38;20
"53 10 2 DC46 55 30 34 33 33";"Aspen";1841.77;1.32;1.52;20
"53 10 2 DC46 55 30 34 33 33";"Aspen";1841.77;0.87;1.07;20
"53 10 2 DC46 55 30 34 33 33";"Aspen";1841.77;2.79;2.99;20
"53 10 2 DC46 55 30 34 33 33";"Aspen";1841.77;2.4;2.6;20
"53 10 2 DC46 55 30 34 33 33";"Aspen";1841.77;1.62;1.82;20
"54 11 2 DC46 55 30 34 33 33";"Aspen";2605.35;0.2;0.4;20
"54 11 2 DC46 55 30 34 33 33";"Aspen";2605.35;1.13;1.33;20
"54 11 2 DC46 55 30 34 33 33";"Aspen";2605.35;1.56;1.76;20
"54 11 2 DC46 55 30 34 33 33";"Aspen";2605.35;1.25;1.45;20
"54 11 2 DC46 55 30 34 33 33";"Aspen";2605.35;2.32;2.52;20
"54 11 2 DC46 55 30 34 33 33";"Aspen";2605.35;2.67;2.87;20
"54 11 2 DC46 55 30 34 33 33";"Aspen";2605.35;2.59;2.79;20
"54 11 2 DC46 55 30 34 33 33";"Aspen";2605.35;2.4;2.6;20
"54 11 2 DC46 55 30 34 33 33";"Aspen";2605.35;3.39;3.59;20
"54 11 2 DC46 55 30 34 33 33";"Aspen";2605.35;2.15;2.35;20
"54 11 2 DC46 55 30 34 33 33";"Aspen";2605.35;0.74;0.94;20
"54 11 2 DC46 55 30 34 33 33";"Aspen";2605.35;2;2.2;20
"54 11 2 DC46 55 30 34 33 33";"Aspen";2605.35;1.95;2.15;20
"54 11 2 DC46 55 30 34 33 33";"Aspen";2605.35;0.31;0.51;20
"54 11 2 DC46 55 30 34 33 33";"Aspen";2605.35;0.7;0.9;20
"54 11 2 DC46 55 30 34 33 33";"Aspen";2605.35;2.96;3.16;20
"54 11 2 DC46 55 30 34 33 33";"Aspen";2605.35;1.05;1.25;20
"54 11 2 DC46 55 30 34 33 33";"Aspen";2605.35;0.3;0.5;20
"54 11 2 DC46 55 30 34 33 33";"Aspen";2605.35;0.94;1.14;20
"54 11 2 DC46 55 30 34 33 33";"Aspen";2605.35;0.56;0.76;20
"54 11 2 DC46 55 30 34 33 33";"Aspen";2605.35;0.31;0.51;20
"54 11 2 DC46 55 30 34 33 33";"Aspen";2605.35;3.25;3.45;20
"54 11 2 DC46 55 30 34 33 33";"Aspen";2605.35;3.45;3.65;20
"54 11 2 DC46 55 30 34 33 33";"Aspen";2605.35;3.57;3.77;20
"54 11 2 DC46 55 30 34 33 33";"Aspen";2605.35;2.36;2.56;20
"55 12 2 DC46 55 30 34 33 33";"Aspen";981.21;1.66;1.86;20
"55 12 2 DC46 55 30 34 33 33";"Aspen";981.21;1.77;1.97;20
"55 12 2 DC46 55 30 34 33 33";"Aspen";981.21;1.7;1.9;20
"55 12 2 DC46 55 30 34 33 33";"Aspen";981.21;0.7;0.9;20
"55 12 2 DC46 55 30 34 33 33";"Aspen";981.21;1.66;1.86;20
"55 12 2 DC46 55 30 34 33 33";"Aspen";981.21;0.79;0.99;20
"55 12 2 DC46 55 30 34 33 33";"Aspen";981.21;1.09;1.29;20
"55 12 2 DC46 55 30 34 33 33";"Aspen";981.21;1.22;1.42;20
"55 12 2 DC46 55 30 34 33 33";"Aspen";981.21;1.11;1.31;20
"55 12 2 DC46 55 30 34 33 33";"Aspen";981.21;0.27;0.47;20
"55 12 2 DC46 55 30 34 33 33";"Aspen";981.21;1.16;1.36;20
"55 12 2 DC46 55 30 34 33 33";"Aspen";981.21;0.31;0.51;20
"55 12 2 DC46 55 30 34 33 33";"Aspen";981.21;0.32;0.52;20
"55 12 2 DC46 55 30 34 33 33";"Aspen";981.21;3.72;3.92;20
"55 12 2 DC46 55 30 34 33 33";"Aspen";981.21;1.27;1.47;20
"55 12 2 DC46 55 30 34 33 33";"Aspen";981.21;1.16;1.36;20
"55 12 2 DC46 55 30 34 33 33";"Aspen";981.21;0.22;0.42;20
"55 12 2 DC46 55 30 34 33 33";"Aspen";981.21;0.99;1.19;20
"55 12 2 DC46 55 30 34 33 33";"Aspen";981.21;0.76;0.96;20
"55 12 2 DC46 55 30 34 33 33";"Aspen";981.21;3.3;3.5;20
"55 12 2 DC46 55 30 34 33 33";"Aspen";981.21;0.13;0.33;20
"55 12 2 DC46 55 30 34 33 33";"Aspen";981.21;2.41;2.61;20
"55 12 2 DC46 55 30 34 33 33";"Aspen";981.21;1.38;1.58;20
"55 12 2 DC46 55 30 34 33 33";"Aspen";981.21;1.68;1.88;20
"55 12 2 DC46 55 30 34 33 33";"Aspen";981.21;2.2;2.4;20
"56 13 2 DC46 55 30 34 33 33";"Aspen";2640.61;0.47;0.67;20
"56 13 2 DC46 55 30 34 33 33";"Aspen";2640.61;2.44;2.64;20
"56 13 2 DC46 55 30 34 33 33";"Aspen";2640.61;0.83;1.03;20
"56 13 2 DC46 55 30 34 33 33";"Aspen";2640.61;1.3;1.5;20
"56 13 2 DC46 55 30 34 33 33";"Aspen";2640.61;0.59;0.79;20
"56 13 2 DC46 55 30 34 33 33";"Aspen";2640.61;2.55;2.75;20
"56 13 2 DC46 55 30 34 33 33";"Aspen";2640.61;3.51;3.71;20
"56 13 2 DC46 55 30 34 33 33";"Aspen";2640.61;1.08;1.28;20
"56 13 2 DC46 55 30 34 33 33";"Aspen";2640.61;1.54;1.74;20
"56 13 2 DC46 55 30 34 33 33";"Aspen";2640.61;0.44;0.64;20
"56 13 2 DC46 55 30 34 33 33";"Aspen";2640.61;0.04;0.24;20
"56 13 2 DC46 55 30 34 33 33";"Aspen";2640.61;1.54;1.74;20
"56 13 2 DC46 55 30 34 33 33";"Aspen";2640.61;1.2;1.4;20
"56 13 2 DC46 55 30 34 33 33";"Aspen";2640.61;2.31;2.51;20
"56 13 2 DC46 55 30 34 33 33";"Aspen";2640.61;1.08;1.28;20
"56 13 2 DC46 55 30 34 33 33";"Aspen";2640.61;0.36;0.56;20
"56 13 2 DC46 55 30 34 33 33";"Aspen";2640.61;2.97;3.17;20
"56 13 2 DC46 55 30 34 33 33";"Aspen";2640.61;2.96;3.16;20
"56 13 2 DC46 55 30 34 33 33";"Aspen";2640.61;0.27;0.47;20
"56 13 2 DC46 55 30 34 33 33";"Aspen";2640.61;0.19;0.39;20
"56 13 2 DC46 55 30 34 33 33";"Aspen";2640.61;3.01;3.21;20
"56 13 2 DC46 55 30 34 33 33";"Aspen";2640.61;0.62;0.82;20
"56 13 2 DC46 55 30 34 33 33";"Aspen";2640.61;2.79;2.99;20
"56 13 2 DC46 55 30 34 33 33";"Aspen";2640.61;1.42;1.62;20
"56 13 2 DC46 55 30 34 33 33";"Aspen";2640.61;0.36;0.56;20
"57 14 2 DC46 55 30 34 33 33";"Aspen";2023.91;3.21;3.41;20
"57 14 2 DC46 55 30 34 33 33";"Aspen";2023.91;1.01;1.21;20
"57 14 2 DC46 55 30 34 33 33";"Aspen";2023.91;1.56;1.76;20
"57 14 2 DC46 55 30 34 33 33";"Aspen";2023.91;3.25;3.45;20
"57 14 2 DC46 55 30 34 33 33";"Aspen";2023.91;1.45;1.65;20
"57 14 2 DC46 55 30 34 33 33";"Aspen";2023.91;2.72;2.92;20
"57 14 2 DC46 55 30 34 33 33";"Aspen";2023.91;3.47;3.67;20
"57 14 2 DC46 55 30 34 33 33";"Aspen";2023.91;1.67;1.87;20
"57 14 2 DC46 55 30 34 33 33";"Aspen";2023.91;0.38;0.58;20
"57 14 2 DC46 55 30 34 33 33";"Aspen";2023.91;0.93;1.13;20
"57 14 2 DC46 55 30 34 33 33";"Aspen";2023.91;1.68;1.88;20
"57 14 2 DC46 55 30 34 33 33";"Aspen";2023.91;1.76;1.96;20
"57 14 2 DC46 55 30 34 33 33";"Aspen";2023.91;0.52;0.72;20
"57 14 2 DC46 55 30 34 33 33";"Aspen";2023.91;2.85;3.05;20
"57 14 2 DC46 55 30 34 33 33";"Aspen";2023.91;0.95;1.15;20
"57 14 2 DC46 55 30 34 33 33";"Aspen";2023.91;1.53;1.73;20
"57 14 2 DC46 55 30 34 33 33";"Aspen";2023.91;1.65;1.85;20
"57 14 2 DC46 55 30 34 33 33";"Aspen";2023.91;2.94;3.14;20
"57 14 2 DC46 55 30 34 33 33";"Aspen";2023.91;0.78;0.98;20
"57 14 2 DC46 55 30 34 33 33";"Aspen";2023.91;1.85;2.05;20
"57 14 2 DC46 55 30 34 33 33";"Aspen";2023.91;1.23;1.43;20
"57 14 2 DC46 55 30 34 33 33";"Aspen";2023.91;1.71;1.91;20
"57 14 2 DC46 55 30 34 33 33";"Aspen";2023.91;1.66;1.86;20
"57 14 2 DC46 55 30 34 33 33";"Aspen";2023.91;2.04;2.24;20
"57 14 2 DC46 55 30 34 33 33";"Aspen";2023.91;1.08;1.28;20
"58 15 2 DC46 55 30 34 33 33";"Aspen";2238.5;2.38;2.58;20
"58 15 2 DC46 55 30 34 33 33";"Aspen";2238.5;1.66;1.86;20
"58 15 2 DC46 55 30 34 33 33";"Aspen";2238.5;0.16;0.36;20
"58 15 2 DC46 55 30 34 33 33";"Aspen";2238.5;1.59;1.79;20
"58 15 2 DC46 55 30 34 33 33";"Aspen";2238.5;0.6;0.8;20
"58 15 2 DC46 55 30 34 33 33";"Aspen";2238.5;0.57;0.77;20
"58 15 2 DC46 55 30 34 33 33";"Aspen";2238.5;1.2;1.4;20
"58 15 2 DC46 55 30 34 33 33";"Aspen";2238.5;3.3;3.5;20
"58 15 2 DC46 55 30 34 33 33";"Aspen";2238.5;0.87;1.07;20
"58 15 2 DC46 55 30 34 33 33";"Aspen";2238.5;2.01;2.21;20
"58 15 2 DC46 55 30 34 33 33";"Aspen";2238.5;1.68;1.88;20
"58 15 2 DC46 55 30 34 33 33";"Aspen";2238.5;1.3;1.5;20
"58 15 2 DC46 55 30 34 33 33";"Aspen";2238.5;3.65;3.85;20
"58 15 2 DC46 55 30 34 33 33";"Aspen";2238.5;0.22;0.42;20
"58 15 2 DC46 55 30 34 33 33";"Aspen";2238.5;0.89;1.09;20
"58 15 2 DC46 55 30 34 33 33";"Aspen";2238.5;1.72;1.92;20
"58 15 2 DC46 55 30 34 33 33";"Aspen";2238.5;2.05;2.25;20
"58 15 2 DC46 55 30 34 33 33";"Aspen";2238.5;3.22;3.42;20
"58 15 2 DC46 55 30 34 33 33";"Aspen";2238.5;1.28;1.48;20
"58 15 2 DC46 55 30 34 33 33";"Aspen";2238.5;0.8;1;20
"58 15 2 DC46 55 30 34 33 33";"Aspen";2238.5;2.42;2.62;20
"58 15 2 DC46 55 30 34 33 33";"Aspen";2238.5;2.62;2.82;20
"58 15 2 DC46 55 30 34 33 33";"Aspen";2238.5;3.15;3.35;20
"58 15 2 DC46 55 30 34 33 33";"Aspen";2238.5;0.75;0.95;20
"58 15 2 DC46 55 30 34 33 33";"Aspen";2238.5;1.87;2.07;20
"59 16 2 DC46 55 30 34 33 33";"Aspen";1980.42;0.3;0.5;20
"59 16 2 DC46 55 30 34 33 33";"Aspen";1980.42;2.25;2.45;20
"59 16 2 DC46 55 30 34 33 33";"Aspen";1980.42;1.83;2.03;20
"59 16 2 DC46 55 30 34 33 33";"Aspen";1980.42;-0.02;0.18;20
"59 16 2 DC46 55 30 34 33 33";"Aspen";1980.42;1.78;1.98;20
"59 16 2 DC46 55 30 34 33 33";"Aspen";1980.42;2.43;2.63;20
"59 16 2 DC46 55 30 34 33 33";"Aspen";1980.42;1.8;2;20
"59 16 2 DC46 55 30 34 33 33";"Aspen";1980.42;1.45;1.65;20
"59 16 2 DC46 55 30 34 33 33";"Aspen";1980.42;1.59;1.79;20
"59 16 2 DC46 55 30 34 33 33";"Aspen";1980.42;2.74;2.94;20
"59 16 2 DC46 55 30 34 33 33";"Aspen";1980.42;1.56;1.76;20
"59 16 2 DC46 55 30 34 33 33";"Aspen";1980.42;0.72;0.92;20
"59 16 2 DC46 55 30 34 33 33";"Aspen";1980.42;0.64;0.84;20
"59 16 2 DC46 55 30 34 33 33";"Aspen";1980.42;2.23;2.43;20
"59 16 2 DC46 55 30 34 33 33";"Aspen";1980.42;0.19;0.39;20
"59 16 2 DC46 55 30 34 33 33";"Aspen";1980.42;1.16;1.36;20
"59 16 2 DC46 55 30 34 33 33";"Aspen";1980.42;2.05;2.25;20
"59 16 2 DC46 55 30 34 33 33";"Aspen";1980.42;1.31;1.51;20
"59 16 2 DC46 55 30 34 33 33";"Aspen";1980.42;1.79;1.99;20
"59 16 2 DC46 55 30 34 33 33";"Aspen";1980.42;1.24;1.44;20
"59 16 2 DC46 55 30 34 33 33";"Aspen";1980.42;1.38;1.58;20
"59 16 2 DC46 55 30 34 33 33";"Aspen";1980.42;0.58;0.78;20
"59 16 2 DC46 55 30 34 33 33";"Aspen";1980.42;1.24;1.44;20
"59 16 2 DC46 55 30 34 33 33";"Aspen";1980.42;1.69;1.89;20
"59 16 2 DC46 55 30 34 33 33";"Aspen";1980.42;0.98;1.18;20
"60 17 2 DC46 55 30 34 33 33";"Aspen";742.96;2.52;2.72;20
"60 17 2 DC46 55 30 34 33 33";"Aspen";742.96;1.07;1.27;20
"60 17 2 DC46 55 30 34 33 33";"Aspen";742.96;3.15;3.35;20
"60 17 2 DC46 55 30 34 33 33";"Aspen";742.96;1.48;1.68;20
"60 17 2 DC46 55 30 34 33 33";"Aspen";742.96;2.82;3.02;20
"60 17 2 DC46 55 30 34 33 33";"Aspen";742.96;0.54;0.74;20
"60 17 2 DC46 55 30 34 33 33";"Aspen";742.96;1.34;1.54;20
"60 17 2 DC46 55 30 34 33 33";"Aspen";742.96;1.72;1.92;20
"60 17 2 DC46 55 30 34 33 33";"Aspen";742.96;0.86;1.06;20
"60 17 2 DC46 55 30 34 33 33";"Aspen";742.96;0.8;1;20
"60 17 2 DC46 55 30 34 33 33";"Aspen";742.96;0.29;0.49;20
"60 17 2 DC46 55 30 34 33 33";"Aspen";742.96;1.52;1.72;20
"60 17 2 DC46 55 30 34 33 33";"Aspen";742.96;3.25;3.45;20
"60 17 2 DC46 55 30 34 33 33";"Aspen";742.96;0.67;0.87;20
"60 17 2 DC46 55 30 34 33 33";"Aspen";742.96;2.29;2.49;20
"60 17 2 DC46 55 30 34 33 33";"Aspen";742.96;1.53;1.73;20
"60 17 2 DC46 55 30 34 33 33";"Aspen";742.96;0.51;0.71;20
"60 17 2 DC46 55 30 34 33 33";"Aspen";742.96;0.68;0.88;20
"60 17 2 DC46 55 30 34 33 33";"Aspen";742.96;1.27;1.47;20
"60 17 2 DC46 55 30 34 33 33";"Aspen";742.96;1.12;1.32;20
"60 17 2 DC46 55 30 34 33 33";"Aspen";742.96;0.1;0.3;20
"60 17 2 DC46 55 30 34 33 33";"Aspen";742.96;2.84;3.04;20
"60 17 2 DC46 55 30 34 33 33";"Aspen";742.96;0.17;0.37;20
"60 17 2 DC46 55 30 34 33 33";"Aspen";742.96;0.48;0.68;20
"60 17 2 DC46 55 30 34 33 33";"Aspen";742.96;1.03;1.23;20
"61 18 2 DC46 55 30 34 33 33";"Aspen";834.23;0.43;0.63;20
"61 18 2 DC46 55 30 34 33 33";"Aspen";834.23;1.99;2.19;20
"61 18 2 DC46 55 30 34 33 33";"Aspen";834.23;1.1;1.3;20
"61 18 2 DC46 55 30 34 33 33";"Aspen";834.23;1.87;2.07;20
"61 18 2 DC46 55 30 34 33 33";"Aspen";834.23;3.88;4.08;20
"61 18 2 DC46 55 30 34 33 33";"Aspen";834.23;1.12;1.32;20
"61 18 2 DC46 55 30 34 33 33";"Aspen";834.23;2.28;2.48;20
"61 18 2 DC46 55 30 34 33 33";"Aspen";834.23;0.89;1.09;20
"61 18 2 DC46 55 30 34 33 33";"Aspen";834.23;2.77;2.97;20
"61 18 2 DC46 55 30 34 33 33";"Aspen";834.23;0.68;0.88;20
"61 18 2 DC46 55 30 34 33 33";"Aspen";834.23;3.24;3.44;20
"61 18 2 DC46 55 30 34 33 33";"Aspen";834.23;1.05;1.25;20
"61 18 2 DC46 55 30 34 33 33";"Aspen";834.23;0.28;0.48;20
"61 18 2 DC46 55 30 34 33 33";"Aspen";834.23;0.58;0.78;20
"61 18 2 DC46 55 30 34 33 33";"Aspen";834.23;0.19;0.39;20
"61 18 2 DC46 55 30 34 33 33";"Aspen";834.23;3.18;3.38;20
"61 18 2 DC46 55 30 34 33 33";"Aspen";834.23;0.6;0.8;20
"61 18 2 DC46 55 30 34 33 33";"Aspen";834.23;2.23;2.43;20
"61 18 2 DC46 55 30 34 33 33";"Aspen";834.23;1.24;1.44;20
"61 18 2 DC46 55 30 34 33 33";"Aspen";834.23;0.56;0.76;20
"61 18 2 DC46 55 30 34 33 33";"Aspen";834.23;2.68;2.88;20
"61 18 2 DC46 55 30 34 33 33";"Aspen";834.23;0.98;1.18;20
"61 18 2 DC46 55 30 34 33 33";"Aspen";834.23;2.43;2.63;20
"61 18 2 DC46 55 30 34 33 33";"Aspen";834.23;0.9;1.1;20
"61 18 2 DC46 55 30 34 33 33";"Aspen";834.23;1.17;1.37;20
"62 19 2 DC46 55 30 34 33 33";"Aspen";1179.35;-0.02;0.18;20
"62 19 2 DC46 55 30 34 33 33";"Aspen";1179.35;3.75;3.95;20
"62 19 2 DC46 55 30 34 33 33";"Aspen";1179.35;2.37;2.57;20
"62 19 2 DC46 55 30 34 33 33";"Aspen";1179.35;1.21;1.41;20
"62 19 2 DC46 55 30 34 33 33";"Aspen";1179.35;1.84;2.04;20
"62 19 2 DC46 55 30 34 33 33";"Aspen";1179.35;0.51;0.71;20
"62 19 2 DC46 55 30 34 33 33";"Aspen";1179.35;1.55;1.75;20
"62 19 2 DC46 55 30 34 33 33";"Aspen";1179.35;0.61;0.81;20
"62 19 2 DC46 55 30 34 33 33";"Aspen";1179.35;1.14;1.34;20
"62 19 2 DC46 55 30 34 33 33";"Aspen";1179.35;1.68;1.88;20
"62 19 2 DC46 55 30 34 33 33";"Aspen";1179.35;0.04;0.24;20
"62 19 2 DC46 55 30 34 33 33";"Aspen";1179.35;2.69;2.89;20
"62 19 2 DC46 55 30 34 33 33";"Aspen";1179.35;2.71;2.91;20
"62 19 2 DC46 55 30 34 33 33";"Aspen";1179.35;0.4;0.6;20
"62 19 2 DC46 55 30 34 33 33";"Aspen";1179.35;1.64;1.84;20
"62 19 2 DC46 55 30 34 33 33";"Aspen";1179.35;3.04;3.24;20
"62 19 2 DC46 55 30 34 33 33";"Aspen";1179.35;1.2;1.4;20
"62 19 2 DC46 55 30 34 33 33";"Aspen";1179.35;3.45;3.65;20
"62 19 2 DC46 55 30 34 33 33";"Aspen";1179.35;1.64;1.84;20
"62 19 2 DC46 55 30 34 33 33";"Aspen";1179.35;1.05;1.25;20
"62 19 2 DC46 55 30 34 33 33";"Aspen";1179.35;0.47;0.67;20
"62 19 2 DC46 55 30 34 33 33";"Aspen";1179.35;0.21;0.41;20
"62 19 2 DC46 55 30 34 33 33";"Aspen";1179.35;0.81;1.01;20
"62 19 2 DC46 55 30 34 33 33";"Aspen";1179.35;1.16;1.36;20
"62 19 2 DC46 55 30 34 33 33";"Aspen";1179.35;0.75;0.95;20
"63 20 2 DC46 55 30 34 33 33";"Aspen";1316.79;0.41;0.61;20
"63 20 2 DC46 55 30 34 33 33";"Aspen";1316.79;0.49;0.69;20
"63 20 2 DC46 55 30 34 33 33";"Aspen";1316.79;2.85;3.05;20
"63 20 2 DC46 55 30 34 33 33";"Aspen";1316.79;2.07;2.27;20
"63 20 2 DC46 55 30 34 33 33";"Aspen";1316.79;2.78;2.98;20
"63 20 2 DC46 55 30 34 33 33";"Aspen";1316.79;2.2;2.4;20
"63 20 2 DC46 55 30 34 33 33";"Aspen";1316.79;0.98;1.18;20
"63 20 2 DC46 55 30 34 33 33";"Aspen";1316.79;1.73;1.93;20
"63 20 2 DC46 55 30 34 33 33";"Aspen";1316.79;1.94;2.14;20
"63 20 2 DC46 55 30 34 33 33";"Aspen";1316.79;0.41;0.61;20
"63 20 2 DC46 55 30 34 33 33";"Aspen";1316.79;0.14;0.34;20
"63 20 2 DC46 55 30 34 33 33";"Aspen";1316.79;0.06;0.26;20
"63 20 2 DC46 55 30 34 33 33";"Aspen";1316.79;1.36;1.56;20
"63 20 2 DC46 55 30 34 33 33";"Aspen";1316.79;0.55;0.75;20
"63 20 2 DC46 55 30 34 33 33";"Aspen";1316.79;0.99;1.19;20
"63 20 2 DC46 55 30 34 33 33";"Aspen";1316.79;2.14;2.34;20
"63 20 2 DC46 55 30 34 33 33";"Aspen";1316.79;0.51;0.71;20
"63 20 2 DC46 55 30 34 33 33";"Aspen";1316.79;0.85;1.05;20
"63 20 2 DC46 55 30 34 33 33";"Aspen";1316.79;1.38;1.58;20
"63 20 2 DC46 55 30 34 33 33";"Aspen";1316.79;1.78;1.98;20
"63 20 2 DC46 55 30 34 33 33";"Aspen";1316.79;0.03;0.23;20
"63 20 2 DC46 55 30 34 33 33";"Aspen";1316.79;0.77;0.97;20
"63 20 2 DC46 55 30 34 33 33";"Aspen";1316.79;1.78;1.98;20
"63 20 2 DC46 55 30 34 33 33";"Aspen";1316.79;1.87;2.07;20
"63 20 2 DC46 55 30 34 33 33";"Aspen";1316.79;1.62;1.82;20
